{
 "cells": [
  {
   "cell_type": "markdown",
   "metadata": {},
   "source": [
    "![image](how.png)"
   ]
  },
  {
   "cell_type": "markdown",
   "metadata": {},
   "source": [
    "**\"Should I Stay or Should i Go (from the Hospital)\"**"
   ]
  },
  {
   "cell_type": "code",
   "execution_count": 14,
   "metadata": {},
   "outputs": [],
   "source": [
    "# Librerías básicas:\n",
    "import pandas as pd\n",
    "import numpy as np\n",
    "import seaborn as sns \n",
    "import matplotlib.pyplot as plt\n",
    "\n",
    "# Genera todos los plot más grandes de todas las librerías\n",
    "plt.rcParams[\"figure.figsize\"] = (10,8)\n",
    "\n",
    "# Librerías de todos los modelos \n",
    "from sklearn.linear_model import LogisticRegression\n",
    "        # la otra forma, pero lo mismo: from sklearn import linear_model\n",
    "from sklearn.ensemble import RandomForestClassifier\n",
    "from sklearn import svm\n",
    "from xgboost import XGBClassifier \n",
    "from sklearn.neighbors import KNeighborsClassifier\n",
    "\n",
    "from sklearn.model_selection import GridSearchCV\n",
    "from sklearn.pipeline import Pipeline\n",
    "from sklearn.model_selection import RepeatedKFold, KFold\n",
    "from sklearn.model_selection import train_test_split \n",
    "from sklearn.preprocessing import LabelEncoder \n",
    "from sklearn.preprocessing import MinMaxScaler\n",
    "from sklearn.model_selection import cross_val_score\n",
    "from pandas_profiling import ProfileReport\n",
    "\n",
    "# progress bar \n",
    "from tqdm import tqdm\n",
    "# Librerías \n",
    "import pickle\n",
    "\n",
    "\n",
    "import warnings\n",
    "warnings.filterwarnings('ignore')"
   ]
  },
  {
   "cell_type": "code",
   "execution_count": 31,
   "metadata": {},
   "outputs": [],
   "source": [
    "# importar módulu.py    \n",
    "import sys\n",
    "sys.path.append(\"/Users/elsa/Desktop/Bootcamp The Bridge/The_Bridge/Ds_Bootcamp_Elsa/DS_Elsa/week10/day1/competition/utils\")"
   ]
  },
  {
   "cell_type": "code",
   "execution_count": 33,
   "metadata": {},
   "outputs": [
    {
     "output_type": "execute_result",
     "data": {
      "text/plain": "['/Users/elsa/Desktop/Bootcamp The Bridge/The_Bridge/Ds_Bootcamp_Elsa/Ejercicios/competicion_kaggle/archivos completados',\n '/',\n '/Users/elsa/.vscode/extensions/ms-python.python-2020.8.108011/pythonFiles',\n '/Users/elsa/.vscode/extensions/ms-python.python-2020.8.108011/pythonFiles/lib/python',\n '/Library/Frameworks/Python.framework/Versions/3.8/lib/python38.zip',\n '/Library/Frameworks/Python.framework/Versions/3.8/lib/python3.8',\n '/Library/Frameworks/Python.framework/Versions/3.8/lib/python3.8/lib-dynload',\n '',\n '/Users/elsa/Library/Python/3.8/lib/python/site-packages',\n '/Library/Frameworks/Python.framework/Versions/3.8/lib/python3.8/site-packages',\n '/Users/elsa/Library/Python/3.8/lib/python/site-packages/IPython/extensions',\n '/Users/elsa/.ipython',\n '/Users/elsa/Desktop/Bootcamp The Bridge/The_Bridge/Ds_Bootcamp_Elsa/DS_Elsa/week10/day1/competition/utils/files.py',\n '/Users/elsa/Desktop/Bootcamp The Bridge/The_Bridge/Ds_Bootcamp_Elsa/DS_Elsa/week10/day1/competition/utils',\n '/Users/elsa/Desktop/Bootcamp The Bridge/The_Bridge/Ds_Bootcamp_Elsa/DS_Elsa/week10/day1',\n '/Users/elsa/Desktop/Bootcamp The Bridge/The_Bridge/Ds_Bootcamp_Elsa/DS_Elsa/week10/day1/competition',\n '/Users/elsa/Desktop/Bootcamp The Bridge/The_Bridge/Ds_Bootcamp_Elsa/DS_Elsa/week10/day1/competition/utils',\n '/Users/elsa/Desktop/Bootcamp The Bridge/The_Bridge/Ds_Bootcamp_Elsa/DS_Elsa/week10/day1/competition/utils']"
     },
     "metadata": {},
     "execution_count": 33
    }
   ],
   "source": [
    "sys.path"
   ]
  },
  {
   "cell_type": "code",
   "execution_count": 34,
   "metadata": {},
   "outputs": [],
   "source": [
    "from files import rename_filename, file_exists"
   ]
  },
  {
   "cell_type": "code",
   "execution_count": 4,
   "metadata": {},
   "outputs": [],
   "source": [
    "df = pd.read_csv(\"/Users/elsa/Desktop/Bootcamp The Bridge/The_Bridge/Ds_Bootcamp_Elsa/Ejercicios/competicion_kaggle/train_set.csv\")"
   ]
  },
  {
   "cell_type": "code",
   "execution_count": 3,
   "metadata": {
    "tags": []
   },
   "outputs": [
    {
     "output_type": "stream",
     "name": "stdout",
     "text": "<class 'pandas.core.frame.DataFrame'>\nRangeIndex: 100000 entries, 0 to 99999\nData columns (total 18 columns):\n #   Column  Non-Null Count   Dtype  \n---  ------  --------------   -----  \n 0   0       100000 non-null  int64  \n 1   1       100000 non-null  int64  \n 2   2       100000 non-null  object \n 3   3       100000 non-null  int64  \n 4   4       100000 non-null  object \n 5   5       100000 non-null  int64  \n 6   6       100000 non-null  object \n 7   7       100000 non-null  object \n 8   8       100000 non-null  object \n 9   9       99967 non-null   float64\n 10  10      100000 non-null  int64  \n 11  11      98517 non-null   float64\n 12  12      100000 non-null  object \n 13  13      100000 non-null  object \n 14  14      100000 non-null  int64  \n 15  15      100000 non-null  object \n 16  16      100000 non-null  float64\n 17  17      100000 non-null  object \ndtypes: float64(3), int64(6), object(9)\nmemory usage: 13.7+ MB\n"
    }
   ],
   "source": [
    "df.info()"
   ]
  },
  {
   "cell_type": "code",
   "execution_count": 5,
   "metadata": {},
   "outputs": [
    {
     "output_type": "execute_result",
     "data": {
      "text/plain": "        0   1  2  3  4  5           6  7  8    9      10    11         12  \\\n0  161528   6  a  6  X  2  gynecology  R  F  4.0   45810   2.0     Urgent   \n1  159472  23  a  6  X  4  gynecology  Q  F  2.0  128565  15.0     Trauma   \n2  309765   2  c  5  Z  2  anesthesia  S  F  3.0   46565   5.0     Urgent   \n3  279614  32  f  9  Y  3  gynecology  S  B  4.0  124546   6.0  Emergency   \n4  147791  14  a  1  X  3  gynecology  S  E  2.0   22729   8.0     Urgent   \n\n         13  14     15      16     17  \n0  Moderate   2  21-30  2817.0   0-10  \n1  Moderate   4  51-60  4498.0  21-30  \n2  Moderate   2  71-80  4573.0  11-20  \n3  Moderate   4  11-20  7202.0  51-60  \n4  Moderate   2  51-60  3398.0  51-60  ",
      "text/html": "<div>\n<style scoped>\n    .dataframe tbody tr th:only-of-type {\n        vertical-align: middle;\n    }\n\n    .dataframe tbody tr th {\n        vertical-align: top;\n    }\n\n    .dataframe thead th {\n        text-align: right;\n    }\n</style>\n<table border=\"1\" class=\"dataframe\">\n  <thead>\n    <tr style=\"text-align: right;\">\n      <th></th>\n      <th>0</th>\n      <th>1</th>\n      <th>2</th>\n      <th>3</th>\n      <th>4</th>\n      <th>5</th>\n      <th>6</th>\n      <th>7</th>\n      <th>8</th>\n      <th>9</th>\n      <th>10</th>\n      <th>11</th>\n      <th>12</th>\n      <th>13</th>\n      <th>14</th>\n      <th>15</th>\n      <th>16</th>\n      <th>17</th>\n    </tr>\n  </thead>\n  <tbody>\n    <tr>\n      <th>0</th>\n      <td>161528</td>\n      <td>6</td>\n      <td>a</td>\n      <td>6</td>\n      <td>X</td>\n      <td>2</td>\n      <td>gynecology</td>\n      <td>R</td>\n      <td>F</td>\n      <td>4.0</td>\n      <td>45810</td>\n      <td>2.0</td>\n      <td>Urgent</td>\n      <td>Moderate</td>\n      <td>2</td>\n      <td>21-30</td>\n      <td>2817.0</td>\n      <td>0-10</td>\n    </tr>\n    <tr>\n      <th>1</th>\n      <td>159472</td>\n      <td>23</td>\n      <td>a</td>\n      <td>6</td>\n      <td>X</td>\n      <td>4</td>\n      <td>gynecology</td>\n      <td>Q</td>\n      <td>F</td>\n      <td>2.0</td>\n      <td>128565</td>\n      <td>15.0</td>\n      <td>Trauma</td>\n      <td>Moderate</td>\n      <td>4</td>\n      <td>51-60</td>\n      <td>4498.0</td>\n      <td>21-30</td>\n    </tr>\n    <tr>\n      <th>2</th>\n      <td>309765</td>\n      <td>2</td>\n      <td>c</td>\n      <td>5</td>\n      <td>Z</td>\n      <td>2</td>\n      <td>anesthesia</td>\n      <td>S</td>\n      <td>F</td>\n      <td>3.0</td>\n      <td>46565</td>\n      <td>5.0</td>\n      <td>Urgent</td>\n      <td>Moderate</td>\n      <td>2</td>\n      <td>71-80</td>\n      <td>4573.0</td>\n      <td>11-20</td>\n    </tr>\n    <tr>\n      <th>3</th>\n      <td>279614</td>\n      <td>32</td>\n      <td>f</td>\n      <td>9</td>\n      <td>Y</td>\n      <td>3</td>\n      <td>gynecology</td>\n      <td>S</td>\n      <td>B</td>\n      <td>4.0</td>\n      <td>124546</td>\n      <td>6.0</td>\n      <td>Emergency</td>\n      <td>Moderate</td>\n      <td>4</td>\n      <td>11-20</td>\n      <td>7202.0</td>\n      <td>51-60</td>\n    </tr>\n    <tr>\n      <th>4</th>\n      <td>147791</td>\n      <td>14</td>\n      <td>a</td>\n      <td>1</td>\n      <td>X</td>\n      <td>3</td>\n      <td>gynecology</td>\n      <td>S</td>\n      <td>E</td>\n      <td>2.0</td>\n      <td>22729</td>\n      <td>8.0</td>\n      <td>Urgent</td>\n      <td>Moderate</td>\n      <td>2</td>\n      <td>51-60</td>\n      <td>3398.0</td>\n      <td>51-60</td>\n    </tr>\n  </tbody>\n</table>\n</div>"
     },
     "metadata": {},
     "execution_count": 5
    }
   ],
   "source": [
    "df.head()"
   ]
  },
  {
   "cell_type": "code",
   "execution_count": 36,
   "metadata": {},
   "outputs": [],
   "source": [
    "# quitad la primera columna porque corresponde con el case_id y por tanto no le servirá al modelo para aprender\n",
    "#df.drop(\"0\",1,inplace = True)"
   ]
  },
  {
   "cell_type": "code",
   "execution_count": 12,
   "metadata": {},
   "outputs": [
    {
     "output_type": "execute_result",
     "data": {
      "text/plain": "       2  4  6  7  8  12  13  15  17\n1      0  0  2  1  5   1   2   5   2\n2      2  2  1  3  5   2   2   7   1\n3      5  1  2  3  1   0   2   1   5\n4      0  0  2  3  4   2   2   5   5\n5      5  1  2  3  1   1   0   5   3\n...   .. .. .. .. ..  ..  ..  ..  ..\n99995  0  1  2  2  1   0   2   5  10\n99996  1  0  2  2  5   2   2   2   5\n99997  0  0  2  1  5   1   1   3   3\n99998  5  1  2  3  1   1   2   4   1\n99999  4  0  2  1  4   0   2   4   4\n\n[99999 rows x 9 columns]",
      "text/html": "<div>\n<style scoped>\n    .dataframe tbody tr th:only-of-type {\n        vertical-align: middle;\n    }\n\n    .dataframe tbody tr th {\n        vertical-align: top;\n    }\n\n    .dataframe thead th {\n        text-align: right;\n    }\n</style>\n<table border=\"1\" class=\"dataframe\">\n  <thead>\n    <tr style=\"text-align: right;\">\n      <th></th>\n      <th>2</th>\n      <th>4</th>\n      <th>6</th>\n      <th>7</th>\n      <th>8</th>\n      <th>12</th>\n      <th>13</th>\n      <th>15</th>\n      <th>17</th>\n    </tr>\n  </thead>\n  <tbody>\n    <tr>\n      <th>1</th>\n      <td>0</td>\n      <td>0</td>\n      <td>2</td>\n      <td>1</td>\n      <td>5</td>\n      <td>1</td>\n      <td>2</td>\n      <td>5</td>\n      <td>2</td>\n    </tr>\n    <tr>\n      <th>2</th>\n      <td>2</td>\n      <td>2</td>\n      <td>1</td>\n      <td>3</td>\n      <td>5</td>\n      <td>2</td>\n      <td>2</td>\n      <td>7</td>\n      <td>1</td>\n    </tr>\n    <tr>\n      <th>3</th>\n      <td>5</td>\n      <td>1</td>\n      <td>2</td>\n      <td>3</td>\n      <td>1</td>\n      <td>0</td>\n      <td>2</td>\n      <td>1</td>\n      <td>5</td>\n    </tr>\n    <tr>\n      <th>4</th>\n      <td>0</td>\n      <td>0</td>\n      <td>2</td>\n      <td>3</td>\n      <td>4</td>\n      <td>2</td>\n      <td>2</td>\n      <td>5</td>\n      <td>5</td>\n    </tr>\n    <tr>\n      <th>5</th>\n      <td>5</td>\n      <td>1</td>\n      <td>2</td>\n      <td>3</td>\n      <td>1</td>\n      <td>1</td>\n      <td>0</td>\n      <td>5</td>\n      <td>3</td>\n    </tr>\n    <tr>\n      <th>...</th>\n      <td>...</td>\n      <td>...</td>\n      <td>...</td>\n      <td>...</td>\n      <td>...</td>\n      <td>...</td>\n      <td>...</td>\n      <td>...</td>\n      <td>...</td>\n    </tr>\n    <tr>\n      <th>99995</th>\n      <td>0</td>\n      <td>1</td>\n      <td>2</td>\n      <td>2</td>\n      <td>1</td>\n      <td>0</td>\n      <td>2</td>\n      <td>5</td>\n      <td>10</td>\n    </tr>\n    <tr>\n      <th>99996</th>\n      <td>1</td>\n      <td>0</td>\n      <td>2</td>\n      <td>2</td>\n      <td>5</td>\n      <td>2</td>\n      <td>2</td>\n      <td>2</td>\n      <td>5</td>\n    </tr>\n    <tr>\n      <th>99997</th>\n      <td>0</td>\n      <td>0</td>\n      <td>2</td>\n      <td>1</td>\n      <td>5</td>\n      <td>1</td>\n      <td>1</td>\n      <td>3</td>\n      <td>3</td>\n    </tr>\n    <tr>\n      <th>99998</th>\n      <td>5</td>\n      <td>1</td>\n      <td>2</td>\n      <td>3</td>\n      <td>1</td>\n      <td>1</td>\n      <td>2</td>\n      <td>4</td>\n      <td>1</td>\n    </tr>\n    <tr>\n      <th>99999</th>\n      <td>4</td>\n      <td>0</td>\n      <td>2</td>\n      <td>1</td>\n      <td>4</td>\n      <td>0</td>\n      <td>2</td>\n      <td>4</td>\n      <td>4</td>\n    </tr>\n  </tbody>\n</table>\n<p>99999 rows × 9 columns</p>\n</div>"
     },
     "metadata": {},
     "execution_count": 12
    }
   ],
   "source": [
    "# Convierto las columnas que son object a numéricas:\n",
    "le = LabelEncoder()\n",
    "df_string = df[1:][df[1:].select_dtypes('object').columns].apply(le.fit_transform)\n",
    "df_string"
   ]
  },
  {
   "cell_type": "code",
   "execution_count": 13,
   "metadata": {},
   "outputs": [
    {
     "output_type": "execute_result",
     "data": {
      "text/plain": "            0   1   3  5    9      10    11  14      16\n1      159472  23   6  4  2.0  128565  15.0   4  4498.0\n2      309765   2   5  2  3.0   46565   5.0   2  4573.0\n3      279614  32   9  3  4.0  124546   6.0   4  7202.0\n4      147791  14   1  3  2.0   22729   8.0   2  3398.0\n5       14760  32   9  3  2.0   40922   7.0   4  4407.0\n...       ...  ..  .. ..  ...     ...   ...  ..     ...\n99995  237869  12   9  3  3.0   82914   3.0   6  3966.0\n99996  254763  28  11  2  2.0   40026   5.0   3  4005.0\n99997   69788   6   6  3  3.0   92346   2.0   2  5215.0\n99998  204442  32   9  2  4.0  113798  15.0   3  5092.0\n99999   69647  25   1  3  2.0  109237   8.0   2  3390.0\n\n[99999 rows x 9 columns]",
      "text/html": "<div>\n<style scoped>\n    .dataframe tbody tr th:only-of-type {\n        vertical-align: middle;\n    }\n\n    .dataframe tbody tr th {\n        vertical-align: top;\n    }\n\n    .dataframe thead th {\n        text-align: right;\n    }\n</style>\n<table border=\"1\" class=\"dataframe\">\n  <thead>\n    <tr style=\"text-align: right;\">\n      <th></th>\n      <th>0</th>\n      <th>1</th>\n      <th>3</th>\n      <th>5</th>\n      <th>9</th>\n      <th>10</th>\n      <th>11</th>\n      <th>14</th>\n      <th>16</th>\n    </tr>\n  </thead>\n  <tbody>\n    <tr>\n      <th>1</th>\n      <td>159472</td>\n      <td>23</td>\n      <td>6</td>\n      <td>4</td>\n      <td>2.0</td>\n      <td>128565</td>\n      <td>15.0</td>\n      <td>4</td>\n      <td>4498.0</td>\n    </tr>\n    <tr>\n      <th>2</th>\n      <td>309765</td>\n      <td>2</td>\n      <td>5</td>\n      <td>2</td>\n      <td>3.0</td>\n      <td>46565</td>\n      <td>5.0</td>\n      <td>2</td>\n      <td>4573.0</td>\n    </tr>\n    <tr>\n      <th>3</th>\n      <td>279614</td>\n      <td>32</td>\n      <td>9</td>\n      <td>3</td>\n      <td>4.0</td>\n      <td>124546</td>\n      <td>6.0</td>\n      <td>4</td>\n      <td>7202.0</td>\n    </tr>\n    <tr>\n      <th>4</th>\n      <td>147791</td>\n      <td>14</td>\n      <td>1</td>\n      <td>3</td>\n      <td>2.0</td>\n      <td>22729</td>\n      <td>8.0</td>\n      <td>2</td>\n      <td>3398.0</td>\n    </tr>\n    <tr>\n      <th>5</th>\n      <td>14760</td>\n      <td>32</td>\n      <td>9</td>\n      <td>3</td>\n      <td>2.0</td>\n      <td>40922</td>\n      <td>7.0</td>\n      <td>4</td>\n      <td>4407.0</td>\n    </tr>\n    <tr>\n      <th>...</th>\n      <td>...</td>\n      <td>...</td>\n      <td>...</td>\n      <td>...</td>\n      <td>...</td>\n      <td>...</td>\n      <td>...</td>\n      <td>...</td>\n      <td>...</td>\n    </tr>\n    <tr>\n      <th>99995</th>\n      <td>237869</td>\n      <td>12</td>\n      <td>9</td>\n      <td>3</td>\n      <td>3.0</td>\n      <td>82914</td>\n      <td>3.0</td>\n      <td>6</td>\n      <td>3966.0</td>\n    </tr>\n    <tr>\n      <th>99996</th>\n      <td>254763</td>\n      <td>28</td>\n      <td>11</td>\n      <td>2</td>\n      <td>2.0</td>\n      <td>40026</td>\n      <td>5.0</td>\n      <td>3</td>\n      <td>4005.0</td>\n    </tr>\n    <tr>\n      <th>99997</th>\n      <td>69788</td>\n      <td>6</td>\n      <td>6</td>\n      <td>3</td>\n      <td>3.0</td>\n      <td>92346</td>\n      <td>2.0</td>\n      <td>2</td>\n      <td>5215.0</td>\n    </tr>\n    <tr>\n      <th>99998</th>\n      <td>204442</td>\n      <td>32</td>\n      <td>9</td>\n      <td>2</td>\n      <td>4.0</td>\n      <td>113798</td>\n      <td>15.0</td>\n      <td>3</td>\n      <td>5092.0</td>\n    </tr>\n    <tr>\n      <th>99999</th>\n      <td>69647</td>\n      <td>25</td>\n      <td>1</td>\n      <td>3</td>\n      <td>2.0</td>\n      <td>109237</td>\n      <td>8.0</td>\n      <td>2</td>\n      <td>3390.0</td>\n    </tr>\n  </tbody>\n</table>\n<p>99999 rows × 9 columns</p>\n</div>"
     },
     "metadata": {},
     "execution_count": 13
    }
   ],
   "source": [
    "# Para poder volver a crear mi dataset completo, del dataframe original me quedo con todas las columnas que no son object\n",
    "df_no_string = df[1:][df[1:].select_dtypes(exclude='object').columns]\n",
    "df_no_string"
   ]
  },
  {
   "cell_type": "code",
   "execution_count": 14,
   "metadata": {},
   "outputs": [
    {
     "output_type": "execute_result",
     "data": {
      "text/plain": "          1    2    3    4    5    6    7    8    9        10    11   12   13  \\\n1      23.0  NaN  6.0  NaN  4.0  NaN  NaN  NaN  2.0  128565.0  15.0  NaN  NaN   \n2       2.0  NaN  5.0  NaN  2.0  NaN  NaN  NaN  3.0   46565.0   5.0  NaN  NaN   \n3      32.0  NaN  9.0  NaN  3.0  NaN  NaN  NaN  4.0  124546.0   6.0  NaN  NaN   \n4      14.0  NaN  1.0  NaN  3.0  NaN  NaN  NaN  2.0   22729.0   8.0  NaN  NaN   \n5      32.0  NaN  9.0  NaN  3.0  NaN  NaN  NaN  2.0   40922.0   7.0  NaN  NaN   \n...     ...  ...  ...  ...  ...  ...  ...  ...  ...       ...   ...  ...  ...   \n99995   NaN  0.0  NaN  1.0  NaN  2.0  2.0  1.0  NaN       NaN   NaN  0.0  2.0   \n99996   NaN  1.0  NaN  0.0  NaN  2.0  2.0  5.0  NaN       NaN   NaN  2.0  2.0   \n99997   NaN  0.0  NaN  0.0  NaN  2.0  1.0  5.0  NaN       NaN   NaN  1.0  1.0   \n99998   NaN  5.0  NaN  1.0  NaN  2.0  3.0  1.0  NaN       NaN   NaN  1.0  2.0   \n99999   NaN  4.0  NaN  0.0  NaN  2.0  1.0  4.0  NaN       NaN   NaN  0.0  2.0   \n\n        14   15      16    17  \n1      4.0  NaN  4498.0   NaN  \n2      2.0  NaN  4573.0   NaN  \n3      4.0  NaN  7202.0   NaN  \n4      2.0  NaN  3398.0   NaN  \n5      4.0  NaN  4407.0   NaN  \n...    ...  ...     ...   ...  \n99995  NaN  5.0     NaN  10.0  \n99996  NaN  2.0     NaN   5.0  \n99997  NaN  3.0     NaN   3.0  \n99998  NaN  4.0     NaN   1.0  \n99999  NaN  4.0     NaN   4.0  \n\n[199998 rows x 17 columns]",
      "text/html": "<div>\n<style scoped>\n    .dataframe tbody tr th:only-of-type {\n        vertical-align: middle;\n    }\n\n    .dataframe tbody tr th {\n        vertical-align: top;\n    }\n\n    .dataframe thead th {\n        text-align: right;\n    }\n</style>\n<table border=\"1\" class=\"dataframe\">\n  <thead>\n    <tr style=\"text-align: right;\">\n      <th></th>\n      <th>1</th>\n      <th>2</th>\n      <th>3</th>\n      <th>4</th>\n      <th>5</th>\n      <th>6</th>\n      <th>7</th>\n      <th>8</th>\n      <th>9</th>\n      <th>10</th>\n      <th>11</th>\n      <th>12</th>\n      <th>13</th>\n      <th>14</th>\n      <th>15</th>\n      <th>16</th>\n      <th>17</th>\n    </tr>\n  </thead>\n  <tbody>\n    <tr>\n      <th>1</th>\n      <td>23.0</td>\n      <td>NaN</td>\n      <td>6.0</td>\n      <td>NaN</td>\n      <td>4.0</td>\n      <td>NaN</td>\n      <td>NaN</td>\n      <td>NaN</td>\n      <td>2.0</td>\n      <td>128565.0</td>\n      <td>15.0</td>\n      <td>NaN</td>\n      <td>NaN</td>\n      <td>4.0</td>\n      <td>NaN</td>\n      <td>4498.0</td>\n      <td>NaN</td>\n    </tr>\n    <tr>\n      <th>2</th>\n      <td>2.0</td>\n      <td>NaN</td>\n      <td>5.0</td>\n      <td>NaN</td>\n      <td>2.0</td>\n      <td>NaN</td>\n      <td>NaN</td>\n      <td>NaN</td>\n      <td>3.0</td>\n      <td>46565.0</td>\n      <td>5.0</td>\n      <td>NaN</td>\n      <td>NaN</td>\n      <td>2.0</td>\n      <td>NaN</td>\n      <td>4573.0</td>\n      <td>NaN</td>\n    </tr>\n    <tr>\n      <th>3</th>\n      <td>32.0</td>\n      <td>NaN</td>\n      <td>9.0</td>\n      <td>NaN</td>\n      <td>3.0</td>\n      <td>NaN</td>\n      <td>NaN</td>\n      <td>NaN</td>\n      <td>4.0</td>\n      <td>124546.0</td>\n      <td>6.0</td>\n      <td>NaN</td>\n      <td>NaN</td>\n      <td>4.0</td>\n      <td>NaN</td>\n      <td>7202.0</td>\n      <td>NaN</td>\n    </tr>\n    <tr>\n      <th>4</th>\n      <td>14.0</td>\n      <td>NaN</td>\n      <td>1.0</td>\n      <td>NaN</td>\n      <td>3.0</td>\n      <td>NaN</td>\n      <td>NaN</td>\n      <td>NaN</td>\n      <td>2.0</td>\n      <td>22729.0</td>\n      <td>8.0</td>\n      <td>NaN</td>\n      <td>NaN</td>\n      <td>2.0</td>\n      <td>NaN</td>\n      <td>3398.0</td>\n      <td>NaN</td>\n    </tr>\n    <tr>\n      <th>5</th>\n      <td>32.0</td>\n      <td>NaN</td>\n      <td>9.0</td>\n      <td>NaN</td>\n      <td>3.0</td>\n      <td>NaN</td>\n      <td>NaN</td>\n      <td>NaN</td>\n      <td>2.0</td>\n      <td>40922.0</td>\n      <td>7.0</td>\n      <td>NaN</td>\n      <td>NaN</td>\n      <td>4.0</td>\n      <td>NaN</td>\n      <td>4407.0</td>\n      <td>NaN</td>\n    </tr>\n    <tr>\n      <th>...</th>\n      <td>...</td>\n      <td>...</td>\n      <td>...</td>\n      <td>...</td>\n      <td>...</td>\n      <td>...</td>\n      <td>...</td>\n      <td>...</td>\n      <td>...</td>\n      <td>...</td>\n      <td>...</td>\n      <td>...</td>\n      <td>...</td>\n      <td>...</td>\n      <td>...</td>\n      <td>...</td>\n      <td>...</td>\n    </tr>\n    <tr>\n      <th>99995</th>\n      <td>NaN</td>\n      <td>0.0</td>\n      <td>NaN</td>\n      <td>1.0</td>\n      <td>NaN</td>\n      <td>2.0</td>\n      <td>2.0</td>\n      <td>1.0</td>\n      <td>NaN</td>\n      <td>NaN</td>\n      <td>NaN</td>\n      <td>0.0</td>\n      <td>2.0</td>\n      <td>NaN</td>\n      <td>5.0</td>\n      <td>NaN</td>\n      <td>10.0</td>\n    </tr>\n    <tr>\n      <th>99996</th>\n      <td>NaN</td>\n      <td>1.0</td>\n      <td>NaN</td>\n      <td>0.0</td>\n      <td>NaN</td>\n      <td>2.0</td>\n      <td>2.0</td>\n      <td>5.0</td>\n      <td>NaN</td>\n      <td>NaN</td>\n      <td>NaN</td>\n      <td>2.0</td>\n      <td>2.0</td>\n      <td>NaN</td>\n      <td>2.0</td>\n      <td>NaN</td>\n      <td>5.0</td>\n    </tr>\n    <tr>\n      <th>99997</th>\n      <td>NaN</td>\n      <td>0.0</td>\n      <td>NaN</td>\n      <td>0.0</td>\n      <td>NaN</td>\n      <td>2.0</td>\n      <td>1.0</td>\n      <td>5.0</td>\n      <td>NaN</td>\n      <td>NaN</td>\n      <td>NaN</td>\n      <td>1.0</td>\n      <td>1.0</td>\n      <td>NaN</td>\n      <td>3.0</td>\n      <td>NaN</td>\n      <td>3.0</td>\n    </tr>\n    <tr>\n      <th>99998</th>\n      <td>NaN</td>\n      <td>5.0</td>\n      <td>NaN</td>\n      <td>1.0</td>\n      <td>NaN</td>\n      <td>2.0</td>\n      <td>3.0</td>\n      <td>1.0</td>\n      <td>NaN</td>\n      <td>NaN</td>\n      <td>NaN</td>\n      <td>1.0</td>\n      <td>2.0</td>\n      <td>NaN</td>\n      <td>4.0</td>\n      <td>NaN</td>\n      <td>1.0</td>\n    </tr>\n    <tr>\n      <th>99999</th>\n      <td>NaN</td>\n      <td>4.0</td>\n      <td>NaN</td>\n      <td>0.0</td>\n      <td>NaN</td>\n      <td>2.0</td>\n      <td>1.0</td>\n      <td>4.0</td>\n      <td>NaN</td>\n      <td>NaN</td>\n      <td>NaN</td>\n      <td>0.0</td>\n      <td>2.0</td>\n      <td>NaN</td>\n      <td>4.0</td>\n      <td>NaN</td>\n      <td>4.0</td>\n    </tr>\n  </tbody>\n</table>\n<p>199998 rows × 17 columns</p>\n</div>"
     },
     "metadata": {},
     "execution_count": 14
    }
   ],
   "source": [
    "# Concateno los dos dataframe creados antes en uno sólo\n",
    "df = pd. concat([df_no_string,df_string])\n",
    "df = df[['1','2','3', '4', '5', '6', '7','8','9','10','11','12','13','14','15','16','17']]\n",
    "df"
   ]
  },
  {
   "cell_type": "code",
   "execution_count": 15,
   "metadata": {},
   "outputs": [],
   "source": [
    "# Convierto todos los nan en 0\n",
    "df.fillna(0, inplace=True)"
   ]
  },
  {
   "cell_type": "code",
   "execution_count": 16,
   "metadata": {},
   "outputs": [
    {
     "output_type": "execute_result",
     "data": {
      "text/plain": "           1         2         3         4         5         6         7  \\\n1   1.000000 -0.417488  0.661049 -0.490965  0.723708 -0.770034 -0.713296   \n2  -0.417488  1.000000 -0.369321  0.482494 -0.445353  0.463401  0.536983   \n3   0.661049 -0.369321  1.000000 -0.434320  0.640352 -0.681192 -0.631000   \n4  -0.490965  0.482494 -0.434320  1.000000 -0.523734  0.557285  0.537231   \n5   0.723708 -0.445353  0.640352 -0.523734  1.000000 -0.821430 -0.760905   \n6  -0.770034  0.463401 -0.681192  0.557285 -0.821430  1.000000  0.791938   \n7  -0.713296  0.536983 -0.631000  0.537231 -0.760905  0.791938  1.000000   \n8  -0.674490  0.273890 -0.596671  0.237792 -0.719508  0.740687  0.648428   \n9   0.750554 -0.453510  0.651825 -0.533326  0.779739 -0.836475 -0.774841   \n10  0.646926 -0.389306  0.569747 -0.457823  0.690807 -0.718054 -0.665146   \n11  0.597994 -0.364287  0.524259 -0.428400  0.641306 -0.671907 -0.622399   \n12 -0.519440  0.368199 -0.459510  0.370801 -0.554110  0.552748  0.540148   \n13 -0.653407  0.390119 -0.578020  0.458524 -0.697018  0.725110  0.673318   \n14  0.650959 -0.397939  0.593118 -0.467975  0.730304 -0.733977 -0.679896   \n15 -0.699114  0.425145 -0.618454  0.487249 -0.745776  0.784187  0.728533   \n16  0.802393 -0.478488  0.695763 -0.562700  0.827704 -0.882546 -0.817517   \n17 -0.552012  0.370614 -0.488324  0.398322 -0.588856  0.623009  0.640708   \n\n           8         9        10        11        12        13        14  \\\n1  -0.674490  0.750554  0.646926  0.597994 -0.519440 -0.653407  0.650959   \n2   0.273890 -0.453510 -0.389306 -0.364287  0.368199  0.390119 -0.397939   \n3  -0.596671  0.651825  0.569747  0.524259 -0.459510 -0.578020  0.593118   \n4   0.237792 -0.533326 -0.457823 -0.428400  0.370801  0.458524 -0.467975   \n5  -0.719508  0.779739  0.690807  0.641306 -0.554110 -0.697018  0.730304   \n6   0.740687 -0.836475 -0.718054 -0.671907  0.552748  0.725110 -0.733977   \n7   0.648428 -0.774841 -0.665146 -0.622399  0.540148  0.673318 -0.679896   \n8   1.000000 -0.732686 -0.628959 -0.588538  0.524417  0.640838 -0.642906   \n9  -0.732686  1.000000  0.703580  0.652231 -0.564258 -0.709784  0.741706   \n10 -0.628959  0.703580  1.000000  0.566715 -0.484375 -0.609299  0.618911   \n11 -0.588538  0.652231  0.566715  1.000000 -0.453246 -0.570142  0.571761   \n12  0.524417 -0.564258 -0.484375 -0.453246  1.000000  0.494037 -0.495117   \n13  0.640838 -0.709784 -0.609299 -0.570142  0.494037  1.000000 -0.622810   \n14 -0.642906  0.741706  0.618911  0.571761 -0.495117 -0.622810  1.000000   \n15  0.680859 -0.759435 -0.651921 -0.610024  0.497262  0.648621 -0.666377   \n16 -0.773041  0.871881  0.740276  0.698398 -0.595336 -0.748877  0.729177   \n17  0.534902 -0.599641 -0.514749 -0.481668  0.427389  0.505664 -0.526164   \n\n          15        16        17  \n1  -0.699114  0.802393 -0.552012  \n2   0.425145 -0.478488  0.370614  \n3  -0.618454  0.695763 -0.488324  \n4   0.487249 -0.562700  0.398322  \n5  -0.745776  0.827704 -0.588856  \n6   0.784187 -0.882546  0.623009  \n7   0.728533 -0.817517  0.640708  \n8   0.680859 -0.773041  0.534902  \n9  -0.759435  0.871881 -0.599641  \n10 -0.651921  0.740276 -0.514749  \n11 -0.610024  0.698398 -0.481668  \n12  0.497262 -0.595336  0.427389  \n13  0.648621 -0.748877  0.505664  \n14 -0.666377  0.729177 -0.526164  \n15  1.000000 -0.801262  0.593664  \n16 -0.801262  1.000000 -0.632668  \n17  0.593664 -0.632668  1.000000  ",
      "text/html": "<div>\n<style scoped>\n    .dataframe tbody tr th:only-of-type {\n        vertical-align: middle;\n    }\n\n    .dataframe tbody tr th {\n        vertical-align: top;\n    }\n\n    .dataframe thead th {\n        text-align: right;\n    }\n</style>\n<table border=\"1\" class=\"dataframe\">\n  <thead>\n    <tr style=\"text-align: right;\">\n      <th></th>\n      <th>1</th>\n      <th>2</th>\n      <th>3</th>\n      <th>4</th>\n      <th>5</th>\n      <th>6</th>\n      <th>7</th>\n      <th>8</th>\n      <th>9</th>\n      <th>10</th>\n      <th>11</th>\n      <th>12</th>\n      <th>13</th>\n      <th>14</th>\n      <th>15</th>\n      <th>16</th>\n      <th>17</th>\n    </tr>\n  </thead>\n  <tbody>\n    <tr>\n      <th>1</th>\n      <td>1.000000</td>\n      <td>-0.417488</td>\n      <td>0.661049</td>\n      <td>-0.490965</td>\n      <td>0.723708</td>\n      <td>-0.770034</td>\n      <td>-0.713296</td>\n      <td>-0.674490</td>\n      <td>0.750554</td>\n      <td>0.646926</td>\n      <td>0.597994</td>\n      <td>-0.519440</td>\n      <td>-0.653407</td>\n      <td>0.650959</td>\n      <td>-0.699114</td>\n      <td>0.802393</td>\n      <td>-0.552012</td>\n    </tr>\n    <tr>\n      <th>2</th>\n      <td>-0.417488</td>\n      <td>1.000000</td>\n      <td>-0.369321</td>\n      <td>0.482494</td>\n      <td>-0.445353</td>\n      <td>0.463401</td>\n      <td>0.536983</td>\n      <td>0.273890</td>\n      <td>-0.453510</td>\n      <td>-0.389306</td>\n      <td>-0.364287</td>\n      <td>0.368199</td>\n      <td>0.390119</td>\n      <td>-0.397939</td>\n      <td>0.425145</td>\n      <td>-0.478488</td>\n      <td>0.370614</td>\n    </tr>\n    <tr>\n      <th>3</th>\n      <td>0.661049</td>\n      <td>-0.369321</td>\n      <td>1.000000</td>\n      <td>-0.434320</td>\n      <td>0.640352</td>\n      <td>-0.681192</td>\n      <td>-0.631000</td>\n      <td>-0.596671</td>\n      <td>0.651825</td>\n      <td>0.569747</td>\n      <td>0.524259</td>\n      <td>-0.459510</td>\n      <td>-0.578020</td>\n      <td>0.593118</td>\n      <td>-0.618454</td>\n      <td>0.695763</td>\n      <td>-0.488324</td>\n    </tr>\n    <tr>\n      <th>4</th>\n      <td>-0.490965</td>\n      <td>0.482494</td>\n      <td>-0.434320</td>\n      <td>1.000000</td>\n      <td>-0.523734</td>\n      <td>0.557285</td>\n      <td>0.537231</td>\n      <td>0.237792</td>\n      <td>-0.533326</td>\n      <td>-0.457823</td>\n      <td>-0.428400</td>\n      <td>0.370801</td>\n      <td>0.458524</td>\n      <td>-0.467975</td>\n      <td>0.487249</td>\n      <td>-0.562700</td>\n      <td>0.398322</td>\n    </tr>\n    <tr>\n      <th>5</th>\n      <td>0.723708</td>\n      <td>-0.445353</td>\n      <td>0.640352</td>\n      <td>-0.523734</td>\n      <td>1.000000</td>\n      <td>-0.821430</td>\n      <td>-0.760905</td>\n      <td>-0.719508</td>\n      <td>0.779739</td>\n      <td>0.690807</td>\n      <td>0.641306</td>\n      <td>-0.554110</td>\n      <td>-0.697018</td>\n      <td>0.730304</td>\n      <td>-0.745776</td>\n      <td>0.827704</td>\n      <td>-0.588856</td>\n    </tr>\n    <tr>\n      <th>6</th>\n      <td>-0.770034</td>\n      <td>0.463401</td>\n      <td>-0.681192</td>\n      <td>0.557285</td>\n      <td>-0.821430</td>\n      <td>1.000000</td>\n      <td>0.791938</td>\n      <td>0.740687</td>\n      <td>-0.836475</td>\n      <td>-0.718054</td>\n      <td>-0.671907</td>\n      <td>0.552748</td>\n      <td>0.725110</td>\n      <td>-0.733977</td>\n      <td>0.784187</td>\n      <td>-0.882546</td>\n      <td>0.623009</td>\n    </tr>\n    <tr>\n      <th>7</th>\n      <td>-0.713296</td>\n      <td>0.536983</td>\n      <td>-0.631000</td>\n      <td>0.537231</td>\n      <td>-0.760905</td>\n      <td>0.791938</td>\n      <td>1.000000</td>\n      <td>0.648428</td>\n      <td>-0.774841</td>\n      <td>-0.665146</td>\n      <td>-0.622399</td>\n      <td>0.540148</td>\n      <td>0.673318</td>\n      <td>-0.679896</td>\n      <td>0.728533</td>\n      <td>-0.817517</td>\n      <td>0.640708</td>\n    </tr>\n    <tr>\n      <th>8</th>\n      <td>-0.674490</td>\n      <td>0.273890</td>\n      <td>-0.596671</td>\n      <td>0.237792</td>\n      <td>-0.719508</td>\n      <td>0.740687</td>\n      <td>0.648428</td>\n      <td>1.000000</td>\n      <td>-0.732686</td>\n      <td>-0.628959</td>\n      <td>-0.588538</td>\n      <td>0.524417</td>\n      <td>0.640838</td>\n      <td>-0.642906</td>\n      <td>0.680859</td>\n      <td>-0.773041</td>\n      <td>0.534902</td>\n    </tr>\n    <tr>\n      <th>9</th>\n      <td>0.750554</td>\n      <td>-0.453510</td>\n      <td>0.651825</td>\n      <td>-0.533326</td>\n      <td>0.779739</td>\n      <td>-0.836475</td>\n      <td>-0.774841</td>\n      <td>-0.732686</td>\n      <td>1.000000</td>\n      <td>0.703580</td>\n      <td>0.652231</td>\n      <td>-0.564258</td>\n      <td>-0.709784</td>\n      <td>0.741706</td>\n      <td>-0.759435</td>\n      <td>0.871881</td>\n      <td>-0.599641</td>\n    </tr>\n    <tr>\n      <th>10</th>\n      <td>0.646926</td>\n      <td>-0.389306</td>\n      <td>0.569747</td>\n      <td>-0.457823</td>\n      <td>0.690807</td>\n      <td>-0.718054</td>\n      <td>-0.665146</td>\n      <td>-0.628959</td>\n      <td>0.703580</td>\n      <td>1.000000</td>\n      <td>0.566715</td>\n      <td>-0.484375</td>\n      <td>-0.609299</td>\n      <td>0.618911</td>\n      <td>-0.651921</td>\n      <td>0.740276</td>\n      <td>-0.514749</td>\n    </tr>\n    <tr>\n      <th>11</th>\n      <td>0.597994</td>\n      <td>-0.364287</td>\n      <td>0.524259</td>\n      <td>-0.428400</td>\n      <td>0.641306</td>\n      <td>-0.671907</td>\n      <td>-0.622399</td>\n      <td>-0.588538</td>\n      <td>0.652231</td>\n      <td>0.566715</td>\n      <td>1.000000</td>\n      <td>-0.453246</td>\n      <td>-0.570142</td>\n      <td>0.571761</td>\n      <td>-0.610024</td>\n      <td>0.698398</td>\n      <td>-0.481668</td>\n    </tr>\n    <tr>\n      <th>12</th>\n      <td>-0.519440</td>\n      <td>0.368199</td>\n      <td>-0.459510</td>\n      <td>0.370801</td>\n      <td>-0.554110</td>\n      <td>0.552748</td>\n      <td>0.540148</td>\n      <td>0.524417</td>\n      <td>-0.564258</td>\n      <td>-0.484375</td>\n      <td>-0.453246</td>\n      <td>1.000000</td>\n      <td>0.494037</td>\n      <td>-0.495117</td>\n      <td>0.497262</td>\n      <td>-0.595336</td>\n      <td>0.427389</td>\n    </tr>\n    <tr>\n      <th>13</th>\n      <td>-0.653407</td>\n      <td>0.390119</td>\n      <td>-0.578020</td>\n      <td>0.458524</td>\n      <td>-0.697018</td>\n      <td>0.725110</td>\n      <td>0.673318</td>\n      <td>0.640838</td>\n      <td>-0.709784</td>\n      <td>-0.609299</td>\n      <td>-0.570142</td>\n      <td>0.494037</td>\n      <td>1.000000</td>\n      <td>-0.622810</td>\n      <td>0.648621</td>\n      <td>-0.748877</td>\n      <td>0.505664</td>\n    </tr>\n    <tr>\n      <th>14</th>\n      <td>0.650959</td>\n      <td>-0.397939</td>\n      <td>0.593118</td>\n      <td>-0.467975</td>\n      <td>0.730304</td>\n      <td>-0.733977</td>\n      <td>-0.679896</td>\n      <td>-0.642906</td>\n      <td>0.741706</td>\n      <td>0.618911</td>\n      <td>0.571761</td>\n      <td>-0.495117</td>\n      <td>-0.622810</td>\n      <td>1.000000</td>\n      <td>-0.666377</td>\n      <td>0.729177</td>\n      <td>-0.526164</td>\n    </tr>\n    <tr>\n      <th>15</th>\n      <td>-0.699114</td>\n      <td>0.425145</td>\n      <td>-0.618454</td>\n      <td>0.487249</td>\n      <td>-0.745776</td>\n      <td>0.784187</td>\n      <td>0.728533</td>\n      <td>0.680859</td>\n      <td>-0.759435</td>\n      <td>-0.651921</td>\n      <td>-0.610024</td>\n      <td>0.497262</td>\n      <td>0.648621</td>\n      <td>-0.666377</td>\n      <td>1.000000</td>\n      <td>-0.801262</td>\n      <td>0.593664</td>\n    </tr>\n    <tr>\n      <th>16</th>\n      <td>0.802393</td>\n      <td>-0.478488</td>\n      <td>0.695763</td>\n      <td>-0.562700</td>\n      <td>0.827704</td>\n      <td>-0.882546</td>\n      <td>-0.817517</td>\n      <td>-0.773041</td>\n      <td>0.871881</td>\n      <td>0.740276</td>\n      <td>0.698398</td>\n      <td>-0.595336</td>\n      <td>-0.748877</td>\n      <td>0.729177</td>\n      <td>-0.801262</td>\n      <td>1.000000</td>\n      <td>-0.632668</td>\n    </tr>\n    <tr>\n      <th>17</th>\n      <td>-0.552012</td>\n      <td>0.370614</td>\n      <td>-0.488324</td>\n      <td>0.398322</td>\n      <td>-0.588856</td>\n      <td>0.623009</td>\n      <td>0.640708</td>\n      <td>0.534902</td>\n      <td>-0.599641</td>\n      <td>-0.514749</td>\n      <td>-0.481668</td>\n      <td>0.427389</td>\n      <td>0.505664</td>\n      <td>-0.526164</td>\n      <td>0.593664</td>\n      <td>-0.632668</td>\n      <td>1.000000</td>\n    </tr>\n  </tbody>\n</table>\n</div>"
     },
     "metadata": {},
     "execution_count": 16
    }
   ],
   "source": [
    "# Calculamos la matriz de correlación\n",
    "df.corr()"
   ]
  },
  {
   "cell_type": "code",
   "execution_count": 17,
   "metadata": {},
   "outputs": [
    {
     "output_type": "execute_result",
     "data": {
      "text/plain": "<AxesSubplot:>"
     },
     "metadata": {},
     "execution_count": 17
    },
    {
     "output_type": "display_data",
     "data": {
      "text/plain": "<Figure size 1152x1152 with 2 Axes>",
