{
 "cells": [
  {
   "cell_type": "markdown",
   "metadata": {},
   "source": [
    "![image](how.png)"
   ]
  },
  {
   "cell_type": "markdown",
   "metadata": {},
   "source": [
    "**\"Should I Stay or Should i Go (from the Hospital)\"**"
   ]
  },
  {
   "cell_type": "code",
   "execution_count": 1,
   "metadata": {},
   "outputs": [],
   "source": [
    "import pandas as pd\n",
    "import numpy as np\n",
    "import seaborn as sns \n",
    "import math\n",
    "import matplotlib.pyplot as plt\n",
    "from sklearn import linear_model\n",
    "from sklearn.pipeline import Pipeline\n",
    "# la otra forma, pero lo mismo: from sklearn.linear_model import LogisticRegression\n",
    "from sklearn.model_selection import train_test_split\n",
    "from sklearn.preprocessing import LabelEncoder\n",
    "\n",
    "import warnings\n",
    "warnings.filterwarnings('ignore')"
   ]
  },
  {
   "cell_type": "code",
   "execution_count": 3,
   "metadata": {},
   "outputs": [],
   "source": [
    "df = pd.read_csv(\"/Users/elsa/Desktop/Bootcamp The Bridge/The_Bridge/Ds_Bootcamp_Elsa/Ejercicios/competicion_kaggle/train_set.csv\")"
   ]
  },
  {
   "cell_type": "code",
   "execution_count": 192,
   "metadata": {
    "tags": []
   },
   "outputs": [
    {
     "output_type": "stream",
     "name": "stdout",
     "text": "<class 'pandas.core.frame.DataFrame'>\nRangeIndex: 100000 entries, 0 to 99999\nData columns (total 18 columns):\n #   Column  Non-Null Count   Dtype  \n---  ------  --------------   -----  \n 0   0       100000 non-null  int64  \n 1   1       100000 non-null  int64  \n 2   2       100000 non-null  object \n 3   3       100000 non-null  int64  \n 4   4       100000 non-null  object \n 5   5       100000 non-null  int64  \n 6   6       100000 non-null  object \n 7   7       100000 non-null  object \n 8   8       100000 non-null  object \n 9   9       99967 non-null   float64\n 10  10      100000 non-null  int64  \n 11  11      98517 non-null   float64\n 12  12      100000 non-null  object \n 13  13      100000 non-null  object \n 14  14      100000 non-null  int64  \n 15  15      100000 non-null  object \n 16  16      100000 non-null  float64\n 17  17      100000 non-null  object \ndtypes: float64(3), int64(6), object(9)\nmemory usage: 13.7+ MB\n"
    }
   ],
   "source": [
    "df.info()"
   ]
  },
  {
   "cell_type": "code",
   "execution_count": 140,
   "metadata": {},
   "outputs": [
    {
     "output_type": "execute_result",
     "data": {
      "text/plain": "        0   1  2  3  4  5           6  7  8    9      10    11         12  \\\n0  161528   6  a  6  X  2  gynecology  R  F  4.0   45810   2.0     Urgent   \n1  159472  23  a  6  X  4  gynecology  Q  F  2.0  128565  15.0     Trauma   \n2  309765   2  c  5  Z  2  anesthesia  S  F  3.0   46565   5.0     Urgent   \n3  279614  32  f  9  Y  3  gynecology  S  B  4.0  124546   6.0  Emergency   \n4  147791  14  a  1  X  3  gynecology  S  E  2.0   22729   8.0     Urgent   \n\n         13  14     15      16     17  \n0  Moderate   2  21-30  2817.0   0-10  \n1  Moderate   4  51-60  4498.0  21-30  \n2  Moderate   2  71-80  4573.0  11-20  \n3  Moderate   4  11-20  7202.0  51-60  \n4  Moderate   2  51-60  3398.0  51-60  ",
      "text/html": "<div>\n<style scoped>\n    .dataframe tbody tr th:only-of-type {\n        vertical-align: middle;\n    }\n\n    .dataframe tbody tr th {\n        vertical-align: top;\n    }\n\n    .dataframe thead th {\n        text-align: right;\n    }\n</style>\n<table border=\"1\" class=\"dataframe\">\n  <thead>\n    <tr style=\"text-align: right;\">\n      <th></th>\n      <th>0</th>\n      <th>1</th>\n      <th>2</th>\n      <th>3</th>\n      <th>4</th>\n      <th>5</th>\n      <th>6</th>\n      <th>7</th>\n      <th>8</th>\n      <th>9</th>\n      <th>10</th>\n      <th>11</th>\n      <th>12</th>\n      <th>13</th>\n      <th>14</th>\n      <th>15</th>\n      <th>16</th>\n      <th>17</th>\n    </tr>\n  </thead>\n  <tbody>\n    <tr>\n      <th>0</th>\n      <td>161528</td>\n      <td>6</td>\n      <td>a</td>\n      <td>6</td>\n      <td>X</td>\n      <td>2</td>\n      <td>gynecology</td>\n      <td>R</td>\n      <td>F</td>\n      <td>4.0</td>\n      <td>45810</td>\n      <td>2.0</td>\n      <td>Urgent</td>\n      <td>Moderate</td>\n      <td>2</td>\n      <td>21-30</td>\n      <td>2817.0</td>\n      <td>0-10</td>\n    </tr>\n    <tr>\n      <th>1</th>\n      <td>159472</td>\n      <td>23</td>\n      <td>a</td>\n      <td>6</td>\n      <td>X</td>\n      <td>4</td>\n      <td>gynecology</td>\n      <td>Q</td>\n      <td>F</td>\n      <td>2.0</td>\n      <td>128565</td>\n      <td>15.0</td>\n      <td>Trauma</td>\n      <td>Moderate</td>\n      <td>4</td>\n      <td>51-60</td>\n      <td>4498.0</td>\n      <td>21-30</td>\n    </tr>\n    <tr>\n      <th>2</th>\n      <td>309765</td>\n      <td>2</td>\n      <td>c</td>\n      <td>5</td>\n      <td>Z</td>\n      <td>2</td>\n      <td>anesthesia</td>\n      <td>S</td>\n      <td>F</td>\n      <td>3.0</td>\n      <td>46565</td>\n      <td>5.0</td>\n      <td>Urgent</td>\n      <td>Moderate</td>\n      <td>2</td>\n      <td>71-80</td>\n      <td>4573.0</td>\n      <td>11-20</td>\n    </tr>\n    <tr>\n      <th>3</th>\n      <td>279614</td>\n      <td>32</td>\n      <td>f</td>\n      <td>9</td>\n      <td>Y</td>\n      <td>3</td>\n      <td>gynecology</td>\n      <td>S</td>\n      <td>B</td>\n      <td>4.0</td>\n      <td>124546</td>\n      <td>6.0</td>\n      <td>Emergency</td>\n      <td>Moderate</td>\n      <td>4</td>\n      <td>11-20</td>\n      <td>7202.0</td>\n      <td>51-60</td>\n    </tr>\n    <tr>\n      <th>4</th>\n      <td>147791</td>\n      <td>14</td>\n      <td>a</td>\n      <td>1</td>\n      <td>X</td>\n      <td>3</td>\n      <td>gynecology</td>\n      <td>S</td>\n      <td>E</td>\n      <td>2.0</td>\n      <td>22729</td>\n      <td>8.0</td>\n      <td>Urgent</td>\n      <td>Moderate</td>\n      <td>2</td>\n      <td>51-60</td>\n      <td>3398.0</td>\n      <td>51-60</td>\n    </tr>\n  </tbody>\n</table>\n</div>"
     },
     "metadata": {},
     "execution_count": 140
    }
   ],
   "source": [
    "df.head()"
   ]
  },
  {
   "cell_type": "code",
   "execution_count": 193,
   "metadata": {},
   "outputs": [
    {
     "output_type": "execute_result",
     "data": {
      "text/plain": "           0         1         3         5         9        10        11  \\\n0   1.000000 -0.044017 -0.012569  0.044390  0.012169 -0.005268  0.065421   \n1  -0.044017  1.000000  0.128066 -0.060985 -0.010892  0.002042 -0.019272   \n3  -0.012569  0.128066  1.000000 -0.043746 -0.048573 -0.004483 -0.027284   \n5   0.044390 -0.060985 -0.043746  1.000000 -0.118375  0.005043 -0.010412   \n9   0.012169 -0.010892 -0.048573 -0.118375  1.000000  0.005770 -0.010966   \n10 -0.005268  0.002042 -0.004483  0.005043  0.005770  1.000000  0.006760   \n11  0.065421 -0.019272 -0.027284 -0.010412 -0.010966  0.006760  1.000000   \n14 -0.000304 -0.028417  0.021327  0.091744  0.093038  0.007707 -0.008242   \n16 -0.043202  0.049095 -0.033820 -0.141999  0.071130 -0.001891  0.025461   \n\n          14        16  \n0  -0.000304 -0.043202  \n1  -0.028417  0.049095  \n3   0.021327 -0.033820  \n5   0.091744 -0.141999  \n9   0.093038  0.071130  \n10  0.007707 -0.001891  \n11 -0.008242  0.025461  \n14  1.000000 -0.152946  \n16 -0.152946  1.000000  ",
      "text/html": "<div>\n<style scoped>\n    .dataframe tbody tr th:only-of-type {\n        vertical-align: middle;\n    }\n\n    .dataframe tbody tr th {\n        vertical-align: top;\n    }\n\n    .dataframe thead th {\n        text-align: right;\n    }\n</style>\n<table border=\"1\" class=\"dataframe\">\n  <thead>\n    <tr style=\"text-align: right;\">\n      <th></th>\n      <th>0</th>\n      <th>1</th>\n      <th>3</th>\n      <th>5</th>\n      <th>9</th>\n      <th>10</th>\n      <th>11</th>\n      <th>14</th>\n      <th>16</th>\n    </tr>\n  </thead>\n  <tbody>\n    <tr>\n      <th>0</th>\n      <td>1.000000</td>\n      <td>-0.044017</td>\n      <td>-0.012569</td>\n      <td>0.044390</td>\n      <td>0.012169</td>\n      <td>-0.005268</td>\n      <td>0.065421</td>\n      <td>-0.000304</td>\n      <td>-0.043202</td>\n    </tr>\n    <tr>\n      <th>1</th>\n      <td>-0.044017</td>\n      <td>1.000000</td>\n      <td>0.128066</td>\n      <td>-0.060985</td>\n      <td>-0.010892</td>\n      <td>0.002042</td>\n      <td>-0.019272</td>\n      <td>-0.028417</td>\n      <td>0.049095</td>\n    </tr>\n    <tr>\n      <th>3</th>\n      <td>-0.012569</td>\n      <td>0.128066</td>\n      <td>1.000000</td>\n      <td>-0.043746</td>\n      <td>-0.048573</td>\n      <td>-0.004483</td>\n      <td>-0.027284</td>\n      <td>0.021327</td>\n      <td>-0.033820</td>\n    </tr>\n    <tr>\n      <th>5</th>\n      <td>0.044390</td>\n      <td>-0.060985</td>\n      <td>-0.043746</td>\n      <td>1.000000</td>\n      <td>-0.118375</td>\n      <td>0.005043</td>\n      <td>-0.010412</td>\n      <td>0.091744</td>\n      <td>-0.141999</td>\n    </tr>\n    <tr>\n      <th>9</th>\n      <td>0.012169</td>\n      <td>-0.010892</td>\n      <td>-0.048573</td>\n      <td>-0.118375</td>\n      <td>1.000000</td>\n      <td>0.005770</td>\n      <td>-0.010966</td>\n      <td>0.093038</td>\n      <td>0.071130</td>\n    </tr>\n    <tr>\n      <th>10</th>\n      <td>-0.005268</td>\n      <td>0.002042</td>\n      <td>-0.004483</td>\n      <td>0.005043</td>\n      <td>0.005770</td>\n      <td>1.000000</td>\n      <td>0.006760</td>\n      <td>0.007707</td>\n      <td>-0.001891</td>\n    </tr>\n    <tr>\n      <th>11</th>\n      <td>0.065421</td>\n      <td>-0.019272</td>\n      <td>-0.027284</td>\n      <td>-0.010412</td>\n      <td>-0.010966</td>\n      <td>0.006760</td>\n      <td>1.000000</td>\n      <td>-0.008242</td>\n      <td>0.025461</td>\n    </tr>\n    <tr>\n      <th>14</th>\n      <td>-0.000304</td>\n      <td>-0.028417</td>\n      <td>0.021327</td>\n      <td>0.091744</td>\n      <td>0.093038</td>\n      <td>0.007707</td>\n      <td>-0.008242</td>\n      <td>1.000000</td>\n      <td>-0.152946</td>\n    </tr>\n    <tr>\n      <th>16</th>\n      <td>-0.043202</td>\n      <td>0.049095</td>\n      <td>-0.033820</td>\n      <td>-0.141999</td>\n      <td>0.071130</td>\n      <td>-0.001891</td>\n      <td>0.025461</td>\n      <td>-0.152946</td>\n      <td>1.000000</td>\n    </tr>\n  </tbody>\n</table>\n</div>"
     },
     "metadata": {},
     "execution_count": 193
    }
   ],
   "source": [
    "df.corr()"
   ]
  },
  {
   "cell_type": "code",
   "execution_count": 182,
   "metadata": {},
   "outputs": [],
   "source": [
    "\n",
    "class MultiColumnLabelEncoder:\n",
    "       def __init__(self,columns = None):\n",
    "           self.columns = columns # array of column names to encode\n",
    "\n",
    "       def fit(self,X,y=None):\n",
    "           return self # not relevant here\n",
    "\n",
    "       def transform(self,X):\n",
    "           '''\n",
    "           Transforms columns of X specified in self.columns using\n",
    "           LabelEncoder(). If no columns specified, transforms all\n",
    "           columns in X.\n",
    "           '''\n",
    "           output = X.copy()\n",
    "           if self.columns is not None:\n",
    "               for col in self.columns:\n",
    "                   output[col] = LabelEncoder().fit_transform(output[col])\n",
    "           else:\n",
    "               for colname,col in output.iteritems():\n",
    "                   output[colname] = LabelEncoder().fit_transform(col)\n",
    "           return output\n",
    "\n",
    "       def fit_transform(self,X,y=None):\n",
    "           return self.fit(X,y).transform(X)"
   ]
  },
  {
   "cell_type": "code",
   "execution_count": 190,
   "metadata": {},
   "outputs": [
    {
     "output_type": "execute_result",
     "data": {
      "text/plain": "            0   1  2   3  4  5  6  7  8    9      10    11  12  13  14  15  \\\n0      161528   6  0   6  0  2  2  2  5  4.0   45810   2.0   2   2   2   2   \n1      159472  23  0   6  0  4  2  1  5  2.0  128565  15.0   1   2   4   5   \n2      309765   2  2   5  2  2  1  3  5  3.0   46565   5.0   2   2   2   7   \n3      279614  32  5   9  1  3  2  3  1  4.0  124546   6.0   0   2   4   1   \n4      147791  14  0   1  0  3  2  3  4  2.0   22729   8.0   2   2   2   5   \n...       ...  .. ..  .. .. .. .. .. ..  ...     ...   ...  ..  ..  ..  ..   \n99995  237869  12  0   9  1  3  2  2  1  3.0   82914   3.0   0   2   6   5   \n99996  254763  28  1  11  0  2  2  2  5  2.0   40026   5.0   2   2   3   2   \n99997   69788   6  0   6  0  3  2  1  5  3.0   92346   2.0   1   1   2   3   \n99998  204442  32  5   9  1  2  2  3  1  4.0  113798  15.0   1   2   3   4   \n99999   69647  25  4   1  0  3  2  1  4  2.0  109237   8.0   0   2   2   4   \n\n           16  17  \n0      2817.0   0  \n1      4498.0   2  \n2      4573.0   1  \n3      7202.0   5  \n4      3398.0   5  \n...       ...  ..  \n99995  3966.0  10  \n99996  4005.0   5  \n99997  5215.0   3  \n99998  5092.0   1  \n99999  3390.0   4  \n\n[100000 rows x 18 columns]",
      "text/html": "<div>\n<style scoped>\n    .dataframe tbody tr th:only-of-type {\n        vertical-align: middle;\n    }\n\n    .dataframe tbody tr th {\n        vertical-align: top;\n    }\n\n    .dataframe thead th {\n        text-align: right;\n    }\n</style>\n<table border=\"1\" class=\"dataframe\">\n  <thead>\n    <tr style=\"text-align: right;\">\n      <th></th>\n      <th>0</th>\n      <th>1</th>\n      <th>2</th>\n      <th>3</th>\n      <th>4</th>\n      <th>5</th>\n      <th>6</th>\n      <th>7</th>\n      <th>8</th>\n      <th>9</th>\n      <th>10</th>\n      <th>11</th>\n      <th>12</th>\n      <th>13</th>\n      <th>14</th>\n      <th>15</th>\n      <th>16</th>\n      <th>17</th>\n    </tr>\n  </thead>\n  <tbody>\n    <tr>\n      <th>0</th>\n      <td>161528</td>\n      <td>6</td>\n      <td>0</td>\n      <td>6</td>\n      <td>0</td>\n      <td>2</td>\n      <td>2</td>\n      <td>2</td>\n      <td>5</td>\n      <td>4.0</td>\n      <td>45810</td>\n      <td>2.0</td>\n      <td>2</td>\n      <td>2</td>\n      <td>2</td>\n      <td>2</td>\n      <td>2817.0</td>\n      <td>0</td>\n    </tr>\n    <tr>\n      <th>1</th>\n      <td>159472</td>\n      <td>23</td>\n      <td>0</td>\n      <td>6</td>\n      <td>0</td>\n      <td>4</td>\n      <td>2</td>\n      <td>1</td>\n      <td>5</td>\n      <td>2.0</td>\n      <td>128565</td>\n      <td>15.0</td>\n      <td>1</td>\n      <td>2</td>\n      <td>4</td>\n      <td>5</td>\n      <td>4498.0</td>\n      <td>2</td>\n    </tr>\n    <tr>\n      <th>2</th>\n      <td>309765</td>\n      <td>2</td>\n      <td>2</td>\n      <td>5</td>\n      <td>2</td>\n      <td>2</td>\n      <td>1</td>\n      <td>3</td>\n      <td>5</td>\n      <td>3.0</td>\n      <td>46565</td>\n      <td>5.0</td>\n      <td>2</td>\n      <td>2</td>\n      <td>2</td>\n      <td>7</td>\n      <td>4573.0</td>\n      <td>1</td>\n    </tr>\n    <tr>\n      <th>3</th>\n      <td>279614</td>\n      <td>32</td>\n      <td>5</td>\n      <td>9</td>\n      <td>1</td>\n      <td>3</td>\n      <td>2</td>\n      <td>3</td>\n      <td>1</td>\n      <td>4.0</td>\n      <td>124546</td>\n      <td>6.0</td>\n      <td>0</td>\n      <td>2</td>\n      <td>4</td>\n      <td>1</td>\n      <td>7202.0</td>\n      <td>5</td>\n    </tr>\n    <tr>\n      <th>4</th>\n      <td>147791</td>\n      <td>14</td>\n      <td>0</td>\n      <td>1</td>\n      <td>0</td>\n      <td>3</td>\n      <td>2</td>\n      <td>3</td>\n      <td>4</td>\n      <td>2.0</td>\n      <td>22729</td>\n      <td>8.0</td>\n      <td>2</td>\n      <td>2</td>\n      <td>2</td>\n      <td>5</td>\n      <td>3398.0</td>\n      <td>5</td>\n    </tr>\n    <tr>\n      <th>...</th>\n      <td>...</td>\n      <td>...</td>\n      <td>...</td>\n      <td>...</td>\n      <td>...</td>\n      <td>...</td>\n      <td>...</td>\n      <td>...</td>\n      <td>...</td>\n      <td>...</td>\n      <td>...</td>\n      <td>...</td>\n      <td>...</td>\n      <td>...</td>\n      <td>...</td>\n      <td>...</td>\n      <td>...</td>\n      <td>...</td>\n    </tr>\n    <tr>\n      <th>99995</th>\n      <td>237869</td>\n      <td>12</td>\n      <td>0</td>\n      <td>9</td>\n      <td>1</td>\n      <td>3</td>\n      <td>2</td>\n      <td>2</td>\n      <td>1</td>\n      <td>3.0</td>\n      <td>82914</td>\n      <td>3.0</td>\n      <td>0</td>\n      <td>2</td>\n      <td>6</td>\n      <td>5</td>\n      <td>3966.0</td>\n      <td>10</td>\n    </tr>\n    <tr>\n      <th>99996</th>\n      <td>254763</td>\n      <td>28</td>\n      <td>1</td>\n      <td>11</td>\n      <td>0</td>\n      <td>2</td>\n      <td>2</td>\n      <td>2</td>\n      <td>5</td>\n      <td>2.0</td>\n      <td>40026</td>\n      <td>5.0</td>\n      <td>2</td>\n      <td>2</td>\n      <td>3</td>\n      <td>2</td>\n      <td>4005.0</td>\n      <td>5</td>\n    </tr>\n    <tr>\n      <th>99997</th>\n      <td>69788</td>\n      <td>6</td>\n      <td>0</td>\n      <td>6</td>\n      <td>0</td>\n      <td>3</td>\n      <td>2</td>\n      <td>1</td>\n      <td>5</td>\n      <td>3.0</td>\n      <td>92346</td>\n      <td>2.0</td>\n      <td>1</td>\n      <td>1</td>\n      <td>2</td>\n      <td>3</td>\n      <td>5215.0</td>\n      <td>3</td>\n    </tr>\n    <tr>\n      <th>99998</th>\n      <td>204442</td>\n      <td>32</td>\n      <td>5</td>\n      <td>9</td>\n      <td>1</td>\n      <td>2</td>\n      <td>2</td>\n      <td>3</td>\n      <td>1</td>\n      <td>4.0</td>\n      <td>113798</td>\n      <td>15.0</td>\n      <td>1</td>\n      <td>2</td>\n      <td>3</td>\n      <td>4</td>\n      <td>5092.0</td>\n      <td>1</td>\n    </tr>\n    <tr>\n      <th>99999</th>\n      <td>69647</td>\n      <td>25</td>\n      <td>4</td>\n      <td>1</td>\n      <td>0</td>\n      <td>3</td>\n      <td>2</td>\n      <td>1</td>\n      <td>4</td>\n      <td>2.0</td>\n      <td>109237</td>\n      <td>8.0</td>\n      <td>0</td>\n      <td>2</td>\n      <td>2</td>\n      <td>4</td>\n      <td>3390.0</td>\n      <td>4</td>\n    </tr>\n  </tbody>\n</table>\n<p>100000 rows × 18 columns</p>\n</div>"
     },
     "metadata": {},
     "execution_count": 190
    }
   ],
   "source": [
    "# Transformamos el datafrema df para las columnas que sean string los convierta a números:\n",
    "encoding_pipeline = Pipeline([\n",
    "       ('encoding',MultiColumnLabelEncoder(columns=['2','4','6','7','8','12','13','15','17']))\n",
    "       # add more pipeline steps as needed\n",
    "])\n",
    "df_transformacion = encoding_pipeline.fit_transform(df)\n",
    "df_transformacion"
   ]
  },
  {
   "cell_type": "code",
   "execution_count": 184,
   "metadata": {},
   "outputs": [],
   "source": [
    "# quitad la primera columna porque corresponde con el case_id y por tanto no le servirá al modelo para aprender\n",
    "df_transformacion.drop(\"0\",1,inplace = True)"
   ]
  },
  {
   "cell_type": "code",
   "execution_count": 185,
   "metadata": {},
   "outputs": [],
   "source": [
    "# Convierto todos los nan en 0\n",
    "df_transformacion.fillna(0, inplace=True)"
   ]
  },
  {
   "cell_type": "code",
   "execution_count": 186,
   "metadata": {},
   "outputs": [
    {
     "output_type": "execute_result",
     "data": {
      "text/plain": "           1         2         3         4         5         6         7  \\\n1   1.000000  0.035173  0.128066 -0.136791 -0.060985  0.003113  0.160607   \n2   0.035173  1.000000 -0.009057  0.267253 -0.100789 -0.001518  0.240480   \n3   0.128066 -0.009057  1.000000  0.003617 -0.043746  0.025421  0.120336   \n4  -0.136791  0.267253  0.003617  1.000000 -0.008004  0.038262  0.076576   \n5  -0.060985 -0.100789 -0.043746 -0.008004  1.000000  0.048221 -0.432210   \n6   0.003113 -0.001518  0.025421  0.038262  0.048221  1.000000 -0.003343   \n7   0.160607  0.240480  0.120336  0.076576 -0.432210 -0.003343  1.000000   \n8  -0.130029 -0.261211 -0.093437 -0.507192  0.050064 -0.039449 -0.151632   \n9  -0.009466  0.017200 -0.048851 -0.046829 -0.118681 -0.098245 -0.016462   \n10  0.002042 -0.005673 -0.004483 -0.002893  0.005043  0.003809 -0.003305   \n11 -0.017554  0.056770 -0.022933  0.153165 -0.011819  0.017898  0.018406   \n12 -0.014986  0.081733 -0.011756  0.004409 -0.019724 -0.082302  0.013632   \n13 -0.009927 -0.006573  0.002567 -0.008788  0.013587 -0.003973  0.002412   \n14 -0.028417 -0.046848  0.021327 -0.022010  0.091744  0.025482 -0.093646   \n15  0.018930  0.008463  0.022547 -0.018352 -0.140317  0.035652  0.031934   \n16  0.049095  0.020694 -0.033820  0.075423 -0.141999 -0.080486  0.045787   \n17  0.041750  0.058781  0.008060  0.011989 -0.122707  0.033860  0.187927   \n\n           8         9        10        11        12        13        14  \\\n1  -0.130029 -0.009466  0.002042 -0.017554 -0.014986 -0.009927 -0.028417   \n2  -0.261211  0.017200 -0.005673  0.056770  0.081733 -0.006573 -0.046848   \n3  -0.093437 -0.048851 -0.004483 -0.022933 -0.011756  0.002567  0.021327   \n4  -0.507192 -0.046829 -0.002893  0.153165  0.004409 -0.008788 -0.022010   \n5   0.050064 -0.118681  0.005043 -0.011819 -0.019724  0.013587  0.091744   \n6  -0.039449 -0.098245  0.003809  0.017898 -0.082302 -0.003973  0.025482   \n7  -0.151632 -0.016462 -0.003305  0.018406  0.013632  0.002412 -0.093646   \n8   1.000000  0.077108  0.001780 -0.141658  0.041169  0.013443  0.022007   \n9   0.077108  1.000000  0.005968 -0.015789  0.131498  0.048222  0.093004   \n10  0.001780  0.005968  1.000000  0.006579  0.004400  0.000164  0.007707   \n11 -0.141658 -0.015789  0.006579  1.000000 -0.025139 -0.010401 -0.011013   \n12  0.041169  0.131498  0.004400 -0.025139  1.000000  0.008836 -0.101008   \n13  0.013443  0.048222  0.000164 -0.010401  0.008836  1.000000 -0.019919   \n14  0.022007  0.093004  0.007707 -0.011013 -0.101008 -0.019919  1.000000   \n15  0.001289  0.001609  0.001132 -0.021438 -0.063107 -0.031386  0.071695   \n16 -0.020504  0.071154 -0.001891  0.026066  0.042157  0.020527 -0.152946   \n17 -0.005414  0.029290  0.002740 -0.004139  0.023269 -0.031951  0.543491   \n\n          15        16        17  \n1   0.018930  0.049095  0.041750  \n2   0.008463  0.020694  0.058781  \n3   0.022547 -0.033820  0.008060  \n4  -0.018352  0.075423  0.011989  \n5  -0.140317 -0.141999 -0.122707  \n6   0.035652 -0.080486  0.033860  \n7   0.031934  0.045787  0.187927  \n8   0.001289 -0.020504 -0.005414  \n9   0.001609  0.071154  0.029290  \n10  0.001132 -0.001891  0.002740  \n11 -0.021438  0.026066 -0.004139  \n12 -0.063107  0.042157  0.023269  \n13 -0.031386  0.020527 -0.031951  \n14  0.071695 -0.152946  0.543491  \n15  1.000000  0.027535  0.090520  \n16  0.027535  1.000000 -0.056711  \n17  0.090520 -0.056711  1.000000  ",
      "text/html": "<div>\n<style scoped>\n    .dataframe tbody tr th:only-of-type {\n        vertical-align: middle;\n    }\n\n    .dataframe tbody tr th {\n        vertical-align: top;\n    }\n\n    .dataframe thead th {\n        text-align: right;\n    }\n</style>\n<table border=\"1\" class=\"dataframe\">\n  <thead>\n    <tr style=\"text-align: right;\">\n      <th></th>\n      <th>1</th>\n      <th>2</th>\n      <th>3</th>\n      <th>4</th>\n      <th>5</th>\n      <th>6</th>\n      <th>7</th>\n      <th>8</th>\n      <th>9</th>\n      <th>10</th>\n      <th>11</th>\n      <th>12</th>\n      <th>13</th>\n      <th>14</th>\n      <th>15</th>\n      <th>16</th>\n      <th>17</th>\n    </tr>\n  </thead>\n  <tbody>\n    <tr>\n      <th>1</th>\n      <td>1.000000</td>\n      <td>0.035173</td>\n      <td>0.128066</td>\n      <td>-0.136791</td>\n      <td>-0.060985</td>\n      <td>0.003113</td>\n      <td>0.160607</td>\n      <td>-0.130029</td>\n      <td>-0.009466</td>\n      <td>0.002042</td>\n      <td>-0.017554</td>\n      <td>-0.014986</td>\n      <td>-0.009927</td>\n      <td>-0.028417</td>\n      <td>0.018930</td>\n      <td>0.049095</td>\n      <td>0.041750</td>\n    </tr>\n    <tr>\n      <th>2</th>\n      <td>0.035173</td>\n      <td>1.000000</td>\n      <td>-0.009057</td>\n      <td>0.267253</td>\n      <td>-0.100789</td>\n      <td>-0.001518</td>\n      <td>0.240480</td>\n      <td>-0.261211</td>\n      <td>0.017200</td>\n      <td>-0.005673</td>\n      <td>0.056770</td>\n      <td>0.081733</td>\n      <td>-0.006573</td>\n      <td>-0.046848</td>\n      <td>0.008463</td>\n      <td>0.020694</td>\n      <td>0.058781</td>\n    </tr>\n    <tr>\n      <th>3</th>\n      <td>0.128066</td>\n      <td>-0.009057</td>\n      <td>1.000000</td>\n      <td>0.003617</td>\n      <td>-0.043746</td>\n      <td>0.025421</td>\n      <td>0.120336</td>\n      <td>-0.093437</td>\n      <td>-0.048851</td>\n      <td>-0.004483</td>\n      <td>-0.022933</td>\n      <td>-0.011756</td>\n      <td>0.002567</td>\n      <td>0.021327</td>\n      <td>0.022547</td>\n      <td>-0.033820</td>\n      <td>0.008060</td>\n    </tr>\n    <tr>\n      <th>4</th>\n      <td>-0.136791</td>\n      <td>0.267253</td>\n      <td>0.003617</td>\n      <td>1.000000</td>\n      <td>-0.008004</td>\n      <td>0.038262</td>\n      <td>0.076576</td>\n      <td>-0.507192</td>\n      <td>-0.046829</td>\n      <td>-0.002893</td>\n      <td>0.153165</td>\n      <td>0.004409</td>\n      <td>-0.008788</td>\n      <td>-0.022010</td>\n      <td>-0.018352</td>\n      <td>0.075423</td>\n      <td>0.011989</td>\n    </tr>\n    <tr>\n      <th>5</th>\n      <td>-0.060985</td>\n      <td>-0.100789</td>\n      <td>-0.043746</td>\n      <td>-0.008004</td>\n      <td>1.000000</td>\n      <td>0.048221</td>\n      <td>-0.432210</td>\n      <td>0.050064</td>\n      <td>-0.118681</td>\n      <td>0.005043</td>\n      <td>-0.011819</td>\n      <td>-0.019724</td>\n      <td>0.013587</td>\n      <td>0.091744</td>\n      <td>-0.140317</td>\n      <td>-0.141999</td>\n      <td>-0.122707</td>\n    </tr>\n    <tr>\n      <th>6</th>\n      <td>0.003113</td>\n      <td>-0.001518</td>\n      <td>0.025421</td>\n      <td>0.038262</td>\n      <td>0.048221</td>\n      <td>1.000000</td>\n      <td>-0.003343</td>\n      <td>-0.039449</td>\n      <td>-0.098245</td>\n      <td>0.003809</td>\n      <td>0.017898</td>\n      <td>-0.082302</td>\n      <td>-0.003973</td>\n      <td>0.025482</td>\n      <td>0.035652</td>\n      <td>-0.080486</td>\n      <td>0.033860</td>\n    </tr>\n    <tr>\n      <th>7</th>\n      <td>0.160607</td>\n      <td>0.240480</td>\n      <td>0.120336</td>\n      <td>0.076576</td>\n      <td>-0.432210</td>\n      <td>-0.003343</td>\n      <td>1.000000</td>\n      <td>-0.151632</td>\n      <td>-0.016462</td>\n      <td>-0.003305</td>\n      <td>0.018406</td>\n      <td>0.013632</td>\n      <td>0.002412</td>\n      <td>-0.093646</td>\n      <td>0.031934</td>\n      <td>0.045787</td>\n      <td>0.187927</td>\n    </tr>\n    <tr>\n      <th>8</th>\n      <td>-0.130029</td>\n      <td>-0.261211</td>\n      <td>-0.093437</td>\n      <td>-0.507192</td>\n      <td>0.050064</td>\n      <td>-0.039449</td>\n      <td>-0.151632</td>\n      <td>1.000000</td>\n      <td>0.077108</td>\n      <td>0.001780</td>\n      <td>-0.141658</td>\n      <td>0.041169</td>\n      <td>0.013443</td>\n      <td>0.022007</td>\n      <td>0.001289</td>\n      <td>-0.020504</td>\n      <td>-0.005414</td>\n    </tr>\n    <tr>\n      <th>9</th>\n      <td>-0.009466</td>\n      <td>0.017200</td>\n      <td>-0.048851</td>\n      <td>-0.046829</td>\n      <td>-0.118681</td>\n      <td>-0.098245</td>\n      <td>-0.016462</td>\n      <td>0.077108</td>\n      <td>1.000000</td>\n      <td>0.005968</td>\n      <td>-0.015789</td>\n      <td>0.131498</td>\n      <td>0.048222</td>\n      <td>0.093004</td>\n      <td>0.001609</td>\n      <td>0.071154</td>\n      <td>0.029290</td>\n    </tr>\n    <tr>\n      <th>10</th>\n      <td>0.002042</td>\n      <td>-0.005673</td>\n      <td>-0.004483</td>\n      <td>-0.002893</td>\n      <td>0.005043</td>\n      <td>0.003809</td>\n      <td>-0.003305</td>\n      <td>0.001780</td>\n      <td>0.005968</td>\n      <td>1.000000</td>\n      <td>0.006579</td>\n      <td>0.004400</td>\n      <td>0.000164</td>\n      <td>0.007707</td>\n      <td>0.001132</td>\n      <td>-0.001891</td>\n      <td>0.002740</td>\n    </tr>\n    <tr>\n      <th>11</th>\n      <td>-0.017554</td>\n      <td>0.056770</td>\n      <td>-0.022933</td>\n      <td>0.153165</td>\n      <td>-0.011819</td>\n      <td>0.017898</td>\n      <td>0.018406</td>\n      <td>-0.141658</td>\n      <td>-0.015789</td>\n      <td>0.006579</td>\n      <td>1.000000</td>\n      <td>-0.025139</td>\n      <td>-0.010401</td>\n      <td>-0.011013</td>\n      <td>-0.021438</td>\n      <td>0.026066</td>\n      <td>-0.004139</td>\n    </tr>\n    <tr>\n      <th>12</th>\n      <td>-0.014986</td>\n      <td>0.081733</td>\n      <td>-0.011756</td>\n      <td>0.004409</td>\n      <td>-0.019724</td>\n      <td>-0.082302</td>\n      <td>0.013632</td>\n      <td>0.041169</td>\n      <td>0.131498</td>\n      <td>0.004400</td>\n      <td>-0.025139</td>\n      <td>1.000000</td>\n      <td>0.008836</td>\n      <td>-0.101008</td>\n      <td>-0.063107</td>\n      <td>0.042157</td>\n      <td>0.023269</td>\n    </tr>\n    <tr>\n      <th>13</th>\n      <td>-0.009927</td>\n      <td>-0.006573</td>\n      <td>0.002567</td>\n      <td>-0.008788</td>\n      <td>0.013587</td>\n      <td>-0.003973</td>\n      <td>0.002412</td>\n      <td>0.013443</td>\n      <td>0.048222</td>\n      <td>0.000164</td>\n      <td>-0.010401</td>\n      <td>0.008836</td>\n      <td>1.000000</td>\n      <td>-0.019919</td>\n      <td>-0.031386</td>\n      <td>0.020527</td>\n      <td>-0.031951</td>\n    </tr>\n    <tr>\n      <th>14</th>\n      <td>-0.028417</td>\n      <td>-0.046848</td>\n      <td>0.021327</td>\n      <td>-0.022010</td>\n      <td>0.091744</td>\n      <td>0.025482</td>\n      <td>-0.093646</td>\n      <td>0.022007</td>\n      <td>0.093004</td>\n      <td>0.007707</td>\n      <td>-0.011013</td>\n      <td>-0.101008</td>\n      <td>-0.019919</td>\n      <td>1.000000</td>\n      <td>0.071695</td>\n      <td>-0.152946</td>\n      <td>0.543491</td>\n    </tr>\n    <tr>\n      <th>15</th>\n      <td>0.018930</td>\n      <td>0.008463</td>\n      <td>0.022547</td>\n      <td>-0.018352</td>\n      <td>-0.140317</td>\n      <td>0.035652</td>\n      <td>0.031934</td>\n      <td>0.001289</td>\n      <td>0.001609</td>\n      <td>0.001132</td>\n      <td>-0.021438</td>\n      <td>-0.063107</td>\n      <td>-0.031386</td>\n      <td>0.071695</td>\n      <td>1.000000</td>\n      <td>0.027535</td>\n      <td>0.090520</td>\n    </tr>\n    <tr>\n      <th>16</th>\n      <td>0.049095</td>\n      <td>0.020694</td>\n      <td>-0.033820</td>\n      <td>0.075423</td>\n      <td>-0.141999</td>\n      <td>-0.080486</td>\n      <td>0.045787</td>\n      <td>-0.020504</td>\n      <td>0.071154</td>\n      <td>-0.001891</td>\n      <td>0.026066</td>\n      <td>0.042157</td>\n      <td>0.020527</td>\n      <td>-0.152946</td>\n      <td>0.027535</td>\n      <td>1.000000</td>\n      <td>-0.056711</td>\n    </tr>\n    <tr>\n      <th>17</th>\n      <td>0.041750</td>\n      <td>0.058781</td>\n      <td>0.008060</td>\n      <td>0.011989</td>\n      <td>-0.122707</td>\n      <td>0.033860</td>\n      <td>0.187927</td>\n      <td>-0.005414</td>\n      <td>0.029290</td>\n      <td>0.002740</td>\n      <td>-0.004139</td>\n      <td>0.023269</td>\n      <td>-0.031951</td>\n      <td>0.543491</td>\n      <td>0.090520</td>\n      <td>-0.056711</td>\n      <td>1.000000</td>\n    </tr>\n  </tbody>\n</table>\n</div>"
     },
     "metadata": {},
     "execution_count": 186
    }
   ],
   "source": [
    "# Calculamos la matriz de correlación\n",
    "df_transformacion.corr()"
   ]
  },
  {
   "cell_type": "code",
   "execution_count": 155,
   "metadata": {},
   "outputs": [
    {
     "output_type": "execute_result",
     "data": {
      "text/plain": "<matplotlib.axes._subplots.AxesSubplot at 0x7fb2fdcc6bb0>"
     },
     "metadata": {},
     "execution_count": 155
    },
    {
     "output_type": "display_data",
     "data": {
      "text/plain": "<Figure size 1152x1152 with 2 Axes>",
