{
 "cells": [
  {
   "cell_type": "markdown",
   "metadata": {},
   "source": [
    "![image](how.png)"
   ]
  },
  {
   "cell_type": "markdown",
   "metadata": {},
   "source": [
    "**\"Should I Stay or Should i Go (from the Hospital)\"**"
   ]
  },
  {
   "cell_type": "code",
   "execution_count": 1,
   "metadata": {},
   "outputs": [],
   "source": [
    "import pandas as pd\n",
    "import numpy as np\n",
    "import seaborn as sns \n",
    "import math\n",
    "import matplotlib.pyplot as plt\n",
    "from sklearn import linear_model\n",
    "# la otra forma, pero lo mismo: from sklearn.linear_model import LogisticRegression\n",
    "from sklearn.model_selection import train_test_split\n",
    "from sklearn.preprocessing import LabelEncoder\n",
    "\n",
    "import warnings\n",
    "warnings.filterwarnings('ignore')"
   ]
  },
  {
   "cell_type": "code",
   "execution_count": 2,
   "metadata": {},
   "outputs": [],
   "source": [
    "df = pd.read_csv(\"/Users/elsa/Desktop/Bootcamp The Bridge/The_Bridge/Ds_Bootcamp_Elsa/Ejercicios/competicion_kaggle/train_set.csv\")"
   ]
  },
  {
   "cell_type": "code",
   "execution_count": 3,
   "metadata": {
    "tags": []
   },
   "outputs": [
    {
     "output_type": "stream",
     "name": "stdout",
     "text": "<class 'pandas.core.frame.DataFrame'>\nRangeIndex: 100000 entries, 0 to 99999\nData columns (total 18 columns):\n #   Column  Non-Null Count   Dtype  \n---  ------  --------------   -----  \n 0   0       100000 non-null  int64  \n 1   1       100000 non-null  int64  \n 2   2       100000 non-null  object \n 3   3       100000 non-null  int64  \n 4   4       100000 non-null  object \n 5   5       100000 non-null  int64  \n 6   6       100000 non-null  object \n 7   7       100000 non-null  object \n 8   8       100000 non-null  object \n 9   9       99967 non-null   float64\n 10  10      100000 non-null  int64  \n 11  11      98517 non-null   float64\n 12  12      100000 non-null  object \n 13  13      100000 non-null  object \n 14  14      100000 non-null  int64  \n 15  15      100000 non-null  object \n 16  16      100000 non-null  float64\n 17  17      100000 non-null  object \ndtypes: float64(3), int64(6), object(9)\nmemory usage: 13.7+ MB\n"
    }
   ],
   "source": [
    "df.info()"
   ]
  },
  {
   "cell_type": "code",
   "execution_count": 4,
   "metadata": {},
   "outputs": [
    {
     "output_type": "execute_result",
     "data": {
      "text/plain": "        0   1  2  3  4  5           6  7  8    9      10    11         12  \\\n0  161528   6  a  6  X  2  gynecology  R  F  4.0   45810   2.0     Urgent   \n1  159472  23  a  6  X  4  gynecology  Q  F  2.0  128565  15.0     Trauma   \n2  309765   2  c  5  Z  2  anesthesia  S  F  3.0   46565   5.0     Urgent   \n3  279614  32  f  9  Y  3  gynecology  S  B  4.0  124546   6.0  Emergency   \n4  147791  14  a  1  X  3  gynecology  S  E  2.0   22729   8.0     Urgent   \n\n         13  14     15      16     17  \n0  Moderate   2  21-30  2817.0   0-10  \n1  Moderate   4  51-60  4498.0  21-30  \n2  Moderate   2  71-80  4573.0  11-20  \n3  Moderate   4  11-20  7202.0  51-60  \n4  Moderate   2  51-60  3398.0  51-60  ",
      "text/html": "<div>\n<style scoped>\n    .dataframe tbody tr th:only-of-type {\n        vertical-align: middle;\n    }\n\n    .dataframe tbody tr th {\n        vertical-align: top;\n    }\n\n    .dataframe thead th {\n        text-align: right;\n    }\n</style>\n<table border=\"1\" class=\"dataframe\">\n  <thead>\n    <tr style=\"text-align: right;\">\n      <th></th>\n      <th>0</th>\n      <th>1</th>\n      <th>2</th>\n      <th>3</th>\n      <th>4</th>\n      <th>5</th>\n      <th>6</th>\n      <th>7</th>\n      <th>8</th>\n      <th>9</th>\n      <th>10</th>\n      <th>11</th>\n      <th>12</th>\n      <th>13</th>\n      <th>14</th>\n      <th>15</th>\n      <th>16</th>\n      <th>17</th>\n    </tr>\n  </thead>\n  <tbody>\n    <tr>\n      <th>0</th>\n      <td>161528</td>\n      <td>6</td>\n      <td>a</td>\n      <td>6</td>\n      <td>X</td>\n      <td>2</td>\n      <td>gynecology</td>\n      <td>R</td>\n      <td>F</td>\n      <td>4.0</td>\n      <td>45810</td>\n      <td>2.0</td>\n      <td>Urgent</td>\n      <td>Moderate</td>\n      <td>2</td>\n      <td>21-30</td>\n      <td>2817.0</td>\n      <td>0-10</td>\n    </tr>\n    <tr>\n      <th>1</th>\n      <td>159472</td>\n      <td>23</td>\n      <td>a</td>\n      <td>6</td>\n      <td>X</td>\n      <td>4</td>\n      <td>gynecology</td>\n      <td>Q</td>\n      <td>F</td>\n      <td>2.0</td>\n      <td>128565</td>\n      <td>15.0</td>\n      <td>Trauma</td>\n      <td>Moderate</td>\n      <td>4</td>\n      <td>51-60</td>\n      <td>4498.0</td>\n      <td>21-30</td>\n    </tr>\n    <tr>\n      <th>2</th>\n      <td>309765</td>\n      <td>2</td>\n      <td>c</td>\n      <td>5</td>\n      <td>Z</td>\n      <td>2</td>\n      <td>anesthesia</td>\n      <td>S</td>\n      <td>F</td>\n      <td>3.0</td>\n      <td>46565</td>\n      <td>5.0</td>\n      <td>Urgent</td>\n      <td>Moderate</td>\n      <td>2</td>\n      <td>71-80</td>\n      <td>4573.0</td>\n      <td>11-20</td>\n    </tr>\n    <tr>\n      <th>3</th>\n      <td>279614</td>\n      <td>32</td>\n      <td>f</td>\n      <td>9</td>\n      <td>Y</td>\n      <td>3</td>\n      <td>gynecology</td>\n      <td>S</td>\n      <td>B</td>\n      <td>4.0</td>\n      <td>124546</td>\n      <td>6.0</td>\n      <td>Emergency</td>\n      <td>Moderate</td>\n      <td>4</td>\n      <td>11-20</td>\n      <td>7202.0</td>\n      <td>51-60</td>\n    </tr>\n    <tr>\n      <th>4</th>\n      <td>147791</td>\n      <td>14</td>\n      <td>a</td>\n      <td>1</td>\n      <td>X</td>\n      <td>3</td>\n      <td>gynecology</td>\n      <td>S</td>\n      <td>E</td>\n      <td>2.0</td>\n      <td>22729</td>\n      <td>8.0</td>\n      <td>Urgent</td>\n      <td>Moderate</td>\n      <td>2</td>\n      <td>51-60</td>\n      <td>3398.0</td>\n      <td>51-60</td>\n    </tr>\n  </tbody>\n</table>\n</div>"
     },
     "metadata": {},
     "execution_count": 4
    }
   ],
   "source": [
    "df.head()"
   ]
  },
  {
   "cell_type": "code",
   "execution_count": 5,
   "metadata": {},
   "outputs": [
    {
     "output_type": "execute_result",
     "data": {
      "text/plain": "       2  4  6  7  8  12  13  15  17\n0      0  0  2  2  5   2   2   2   0\n1      0  0  2  1  5   1   2   5   2\n2      2  2  1  3  5   2   2   7   1\n3      5  1  2  3  1   0   2   1   5\n4      0  0  2  3  4   2   2   5   5\n...   .. .. .. .. ..  ..  ..  ..  ..\n99995  0  1  2  2  1   0   2   5  10\n99996  1  0  2  2  5   2   2   2   5\n99997  0  0  2  1  5   1   1   3   3\n99998  5  1  2  3  1   1   2   4   1\n99999  4  0  2  1  4   0   2   4   4\n\n[100000 rows x 9 columns]",
      "text/html": "<div>\n<style scoped>\n    .dataframe tbody tr th:only-of-type {\n        vertical-align: middle;\n    }\n\n    .dataframe tbody tr th {\n        vertical-align: top;\n    }\n\n    .dataframe thead th {\n        text-align: right;\n    }\n</style>\n<table border=\"1\" class=\"dataframe\">\n  <thead>\n    <tr style=\"text-align: right;\">\n      <th></th>\n      <th>2</th>\n      <th>4</th>\n      <th>6</th>\n      <th>7</th>\n      <th>8</th>\n      <th>12</th>\n      <th>13</th>\n      <th>15</th>\n      <th>17</th>\n    </tr>\n  </thead>\n  <tbody>\n    <tr>\n      <th>0</th>\n      <td>0</td>\n      <td>0</td>\n      <td>2</td>\n      <td>2</td>\n      <td>5</td>\n      <td>2</td>\n      <td>2</td>\n      <td>2</td>\n      <td>0</td>\n    </tr>\n    <tr>\n      <th>1</th>\n      <td>0</td>\n      <td>0</td>\n      <td>2</td>\n      <td>1</td>\n      <td>5</td>\n      <td>1</td>\n      <td>2</td>\n      <td>5</td>\n      <td>2</td>\n    </tr>\n    <tr>\n      <th>2</th>\n      <td>2</td>\n      <td>2</td>\n      <td>1</td>\n      <td>3</td>\n      <td>5</td>\n      <td>2</td>\n      <td>2</td>\n      <td>7</td>\n      <td>1</td>\n    </tr>\n    <tr>\n      <th>3</th>\n      <td>5</td>\n      <td>1</td>\n      <td>2</td>\n      <td>3</td>\n      <td>1</td>\n      <td>0</td>\n      <td>2</td>\n      <td>1</td>\n      <td>5</td>\n    </tr>\n    <tr>\n      <th>4</th>\n      <td>0</td>\n      <td>0</td>\n      <td>2</td>\n      <td>3</td>\n      <td>4</td>\n      <td>2</td>\n      <td>2</td>\n      <td>5</td>\n      <td>5</td>\n    </tr>\n    <tr>\n      <th>...</th>\n      <td>...</td>\n      <td>...</td>\n      <td>...</td>\n      <td>...</td>\n      <td>...</td>\n      <td>...</td>\n      <td>...</td>\n      <td>...</td>\n      <td>...</td>\n    </tr>\n    <tr>\n      <th>99995</th>\n      <td>0</td>\n      <td>1</td>\n      <td>2</td>\n      <td>2</td>\n      <td>1</td>\n      <td>0</td>\n      <td>2</td>\n      <td>5</td>\n      <td>10</td>\n    </tr>\n    <tr>\n      <th>99996</th>\n      <td>1</td>\n      <td>0</td>\n      <td>2</td>\n      <td>2</td>\n      <td>5</td>\n      <td>2</td>\n      <td>2</td>\n      <td>2</td>\n      <td>5</td>\n    </tr>\n    <tr>\n      <th>99997</th>\n      <td>0</td>\n      <td>0</td>\n      <td>2</td>\n      <td>1</td>\n      <td>5</td>\n      <td>1</td>\n      <td>1</td>\n      <td>3</td>\n      <td>3</td>\n    </tr>\n    <tr>\n      <th>99998</th>\n      <td>5</td>\n      <td>1</td>\n      <td>2</td>\n      <td>3</td>\n      <td>1</td>\n      <td>1</td>\n      <td>2</td>\n      <td>4</td>\n      <td>1</td>\n    </tr>\n    <tr>\n      <th>99999</th>\n      <td>4</td>\n      <td>0</td>\n      <td>2</td>\n      <td>1</td>\n      <td>4</td>\n      <td>0</td>\n      <td>2</td>\n      <td>4</td>\n      <td>4</td>\n    </tr>\n  </tbody>\n</table>\n<p>100000 rows × 9 columns</p>\n</div>"
     },
     "metadata": {},
     "execution_count": 5
    }
   ],
   "source": [
    "# Convierto las columnas que son object a numéricas:\n",
    "df_string = df[df.select_dtypes('object').columns].apply(LabelEncoder().fit_transform)\n",
    "df_string"
   ]
  },
  {
   "cell_type": "code",
   "execution_count": 6,
   "metadata": {},
   "outputs": [
    {
     "output_type": "execute_result",
     "data": {
      "text/plain": "            0   1   3  5    9      10    11  14      16\n0      161528   6   6  2  4.0   45810   2.0   2  2817.0\n1      159472  23   6  4  2.0  128565  15.0   4  4498.0\n2      309765   2   5  2  3.0   46565   5.0   2  4573.0\n3      279614  32   9  3  4.0  124546   6.0   4  7202.0\n4      147791  14   1  3  2.0   22729   8.0   2  3398.0\n...       ...  ..  .. ..  ...     ...   ...  ..     ...\n99995  237869  12   9  3  3.0   82914   3.0   6  3966.0\n99996  254763  28  11  2  2.0   40026   5.0   3  4005.0\n99997   69788   6   6  3  3.0   92346   2.0   2  5215.0\n99998  204442  32   9  2  4.0  113798  15.0   3  5092.0\n99999   69647  25   1  3  2.0  109237   8.0   2  3390.0\n\n[100000 rows x 9 columns]",
      "text/html": "<div>\n<style scoped>\n    .dataframe tbody tr th:only-of-type {\n        vertical-align: middle;\n    }\n\n    .dataframe tbody tr th {\n        vertical-align: top;\n    }\n\n    .dataframe thead th {\n        text-align: right;\n    }\n</style>\n<table border=\"1\" class=\"dataframe\">\n  <thead>\n    <tr style=\"text-align: right;\">\n      <th></th>\n      <th>0</th>\n      <th>1</th>\n      <th>3</th>\n      <th>5</th>\n      <th>9</th>\n      <th>10</th>\n      <th>11</th>\n      <th>14</th>\n      <th>16</th>\n    </tr>\n  </thead>\n  <tbody>\n    <tr>\n      <th>0</th>\n      <td>161528</td>\n      <td>6</td>\n      <td>6</td>\n      <td>2</td>\n      <td>4.0</td>\n      <td>45810</td>\n      <td>2.0</td>\n      <td>2</td>\n      <td>2817.0</td>\n    </tr>\n    <tr>\n      <th>1</th>\n      <td>159472</td>\n      <td>23</td>\n      <td>6</td>\n      <td>4</td>\n      <td>2.0</td>\n      <td>128565</td>\n      <td>15.0</td>\n      <td>4</td>\n      <td>4498.0</td>\n    </tr>\n    <tr>\n      <th>2</th>\n      <td>309765</td>\n      <td>2</td>\n      <td>5</td>\n      <td>2</td>\n      <td>3.0</td>\n      <td>46565</td>\n      <td>5.0</td>\n      <td>2</td>\n      <td>4573.0</td>\n    </tr>\n    <tr>\n      <th>3</th>\n      <td>279614</td>\n      <td>32</td>\n      <td>9</td>\n      <td>3</td>\n      <td>4.0</td>\n      <td>124546</td>\n      <td>6.0</td>\n      <td>4</td>\n      <td>7202.0</td>\n    </tr>\n    <tr>\n      <th>4</th>\n      <td>147791</td>\n      <td>14</td>\n      <td>1</td>\n      <td>3</td>\n      <td>2.0</td>\n      <td>22729</td>\n      <td>8.0</td>\n      <td>2</td>\n      <td>3398.0</td>\n    </tr>\n    <tr>\n      <th>...</th>\n      <td>...</td>\n      <td>...</td>\n      <td>...</td>\n      <td>...</td>\n      <td>...</td>\n      <td>...</td>\n      <td>...</td>\n      <td>...</td>\n      <td>...</td>\n    </tr>\n    <tr>\n      <th>99995</th>\n      <td>237869</td>\n      <td>12</td>\n      <td>9</td>\n      <td>3</td>\n      <td>3.0</td>\n      <td>82914</td>\n      <td>3.0</td>\n      <td>6</td>\n      <td>3966.0</td>\n    </tr>\n    <tr>\n      <th>99996</th>\n      <td>254763</td>\n      <td>28</td>\n      <td>11</td>\n      <td>2</td>\n      <td>2.0</td>\n      <td>40026</td>\n      <td>5.0</td>\n      <td>3</td>\n      <td>4005.0</td>\n    </tr>\n    <tr>\n      <th>99997</th>\n      <td>69788</td>\n      <td>6</td>\n      <td>6</td>\n      <td>3</td>\n      <td>3.0</td>\n      <td>92346</td>\n      <td>2.0</td>\n      <td>2</td>\n      <td>5215.0</td>\n    </tr>\n    <tr>\n      <th>99998</th>\n      <td>204442</td>\n      <td>32</td>\n      <td>9</td>\n      <td>2</td>\n      <td>4.0</td>\n      <td>113798</td>\n      <td>15.0</td>\n      <td>3</td>\n      <td>5092.0</td>\n    </tr>\n    <tr>\n      <th>99999</th>\n      <td>69647</td>\n      <td>25</td>\n      <td>1</td>\n      <td>3</td>\n      <td>2.0</td>\n      <td>109237</td>\n      <td>8.0</td>\n      <td>2</td>\n      <td>3390.0</td>\n    </tr>\n  </tbody>\n</table>\n<p>100000 rows × 9 columns</p>\n</div>"
     },
     "metadata": {},
     "execution_count": 6
    }
   ],
   "source": [
    "# Para poder volver a crear mi dataset completo, del dataframe original me quedo con todas las columnas que no son object\n",
    "df_no_string = df[df.select_dtypes(exclude='object').columns]\n",
    "df_no_string"
   ]
  },
  {
   "cell_type": "code",
   "execution_count": 7,
   "metadata": {},
   "outputs": [
    {
     "output_type": "execute_result",
     "data": {
      "text/plain": "               0     1    2    3    4    5    6    7    8    9        10  \\\n0       161528.0   6.0  NaN  6.0  NaN  2.0  NaN  NaN  NaN  4.0   45810.0   \n1       159472.0  23.0  NaN  6.0  NaN  4.0  NaN  NaN  NaN  2.0  128565.0   \n2       309765.0   2.0  NaN  5.0  NaN  2.0  NaN  NaN  NaN  3.0   46565.0   \n3       279614.0  32.0  NaN  9.0  NaN  3.0  NaN  NaN  NaN  4.0  124546.0   \n4       147791.0  14.0  NaN  1.0  NaN  3.0  NaN  NaN  NaN  2.0   22729.0   \n...          ...   ...  ...  ...  ...  ...  ...  ...  ...  ...       ...   \n199995       NaN   NaN  0.0  NaN  1.0  NaN  2.0  2.0  1.0  NaN       NaN   \n199996       NaN   NaN  1.0  NaN  0.0  NaN  2.0  2.0  5.0  NaN       NaN   \n199997       NaN   NaN  0.0  NaN  0.0  NaN  2.0  1.0  5.0  NaN       NaN   \n199998       NaN   NaN  5.0  NaN  1.0  NaN  2.0  3.0  1.0  NaN       NaN   \n199999       NaN   NaN  4.0  NaN  0.0  NaN  2.0  1.0  4.0  NaN       NaN   \n\n          11   12   13   14   15      16    17  \n0        2.0  NaN  NaN  2.0  NaN  2817.0   NaN  \n1       15.0  NaN  NaN  4.0  NaN  4498.0   NaN  \n2        5.0  NaN  NaN  2.0  NaN  4573.0   NaN  \n3        6.0  NaN  NaN  4.0  NaN  7202.0   NaN  \n4        8.0  NaN  NaN  2.0  NaN  3398.0   NaN  \n...      ...  ...  ...  ...  ...     ...   ...  \n199995   NaN  0.0  2.0  NaN  5.0     NaN  10.0  \n199996   NaN  2.0  2.0  NaN  2.0     NaN   5.0  \n199997   NaN  1.0  1.0  NaN  3.0     NaN   3.0  \n199998   NaN  1.0  2.0  NaN  4.0     NaN   1.0  \n199999   NaN  0.0  2.0  NaN  4.0     NaN   4.0  \n\n[200000 rows x 18 columns]",
      "text/html": "<div>\n<style scoped>\n    .dataframe tbody tr th:only-of-type {\n        vertical-align: middle;\n    }\n\n    .dataframe tbody tr th {\n        vertical-align: top;\n    }\n\n    .dataframe thead th {\n        text-align: right;\n    }\n</style>\n<table border=\"1\" class=\"dataframe\">\n  <thead>\n    <tr style=\"text-align: right;\">\n      <th></th>\n      <th>0</th>\n      <th>1</th>\n      <th>2</th>\n      <th>3</th>\n      <th>4</th>\n      <th>5</th>\n      <th>6</th>\n      <th>7</th>\n      <th>8</th>\n      <th>9</th>\n      <th>10</th>\n      <th>11</th>\n      <th>12</th>\n      <th>13</th>\n      <th>14</th>\n      <th>15</th>\n      <th>16</th>\n      <th>17</th>\n    </tr>\n  </thead>\n  <tbody>\n    <tr>\n      <th>0</th>\n      <td>161528.0</td>\n      <td>6.0</td>\n      <td>NaN</td>\n      <td>6.0</td>\n      <td>NaN</td>\n      <td>2.0</td>\n      <td>NaN</td>\n      <td>NaN</td>\n      <td>NaN</td>\n      <td>4.0</td>\n      <td>45810.0</td>\n      <td>2.0</td>\n      <td>NaN</td>\n      <td>NaN</td>\n      <td>2.0</td>\n      <td>NaN</td>\n      <td>2817.0</td>\n      <td>NaN</td>\n    </tr>\n    <tr>\n      <th>1</th>\n      <td>159472.0</td>\n      <td>23.0</td>\n      <td>NaN</td>\n      <td>6.0</td>\n      <td>NaN</td>\n      <td>4.0</td>\n      <td>NaN</td>\n      <td>NaN</td>\n      <td>NaN</td>\n      <td>2.0</td>\n      <td>128565.0</td>\n      <td>15.0</td>\n      <td>NaN</td>\n      <td>NaN</td>\n      <td>4.0</td>\n      <td>NaN</td>\n      <td>4498.0</td>\n      <td>NaN</td>\n    </tr>\n    <tr>\n      <th>2</th>\n      <td>309765.0</td>\n      <td>2.0</td>\n      <td>NaN</td>\n      <td>5.0</td>\n      <td>NaN</td>\n      <td>2.0</td>\n      <td>NaN</td>\n      <td>NaN</td>\n      <td>NaN</td>\n      <td>3.0</td>\n      <td>46565.0</td>\n      <td>5.0</td>\n      <td>NaN</td>\n      <td>NaN</td>\n      <td>2.0</td>\n      <td>NaN</td>\n      <td>4573.0</td>\n      <td>NaN</td>\n    </tr>\n    <tr>\n      <th>3</th>\n      <td>279614.0</td>\n      <td>32.0</td>\n      <td>NaN</td>\n      <td>9.0</td>\n      <td>NaN</td>\n      <td>3.0</td>\n      <td>NaN</td>\n      <td>NaN</td>\n      <td>NaN</td>\n      <td>4.0</td>\n      <td>124546.0</td>\n      <td>6.0</td>\n      <td>NaN</td>\n      <td>NaN</td>\n      <td>4.0</td>\n      <td>NaN</td>\n      <td>7202.0</td>\n      <td>NaN</td>\n    </tr>\n    <tr>\n      <th>4</th>\n      <td>147791.0</td>\n      <td>14.0</td>\n      <td>NaN</td>\n      <td>1.0</td>\n      <td>NaN</td>\n      <td>3.0</td>\n      <td>NaN</td>\n      <td>NaN</td>\n      <td>NaN</td>\n      <td>2.0</td>\n      <td>22729.0</td>\n      <td>8.0</td>\n      <td>NaN</td>\n      <td>NaN</td>\n      <td>2.0</td>\n      <td>NaN</td>\n      <td>3398.0</td>\n      <td>NaN</td>\n    </tr>\n    <tr>\n      <th>...</th>\n      <td>...</td>\n      <td>...</td>\n      <td>...</td>\n      <td>...</td>\n      <td>...</td>\n      <td>...</td>\n      <td>...</td>\n      <td>...</td>\n      <td>...</td>\n      <td>...</td>\n      <td>...</td>\n      <td>...</td>\n      <td>...</td>\n      <td>...</td>\n      <td>...</td>\n      <td>...</td>\n      <td>...</td>\n      <td>...</td>\n    </tr>\n    <tr>\n      <th>199995</th>\n      <td>NaN</td>\n      <td>NaN</td>\n      <td>0.0</td>\n      <td>NaN</td>\n      <td>1.0</td>\n      <td>NaN</td>\n      <td>2.0</td>\n      <td>2.0</td>\n      <td>1.0</td>\n      <td>NaN</td>\n      <td>NaN</td>\n      <td>NaN</td>\n      <td>0.0</td>\n      <td>2.0</td>\n      <td>NaN</td>\n      <td>5.0</td>\n      <td>NaN</td>\n      <td>10.0</td>\n    </tr>\n    <tr>\n      <th>199996</th>\n      <td>NaN</td>\n      <td>NaN</td>\n      <td>1.0</td>\n      <td>NaN</td>\n      <td>0.0</td>\n      <td>NaN</td>\n      <td>2.0</td>\n      <td>2.0</td>\n      <td>5.0</td>\n      <td>NaN</td>\n      <td>NaN</td>\n      <td>NaN</td>\n      <td>2.0</td>\n      <td>2.0</td>\n      <td>NaN</td>\n      <td>2.0</td>\n      <td>NaN</td>\n      <td>5.0</td>\n    </tr>\n    <tr>\n      <th>199997</th>\n      <td>NaN</td>\n      <td>NaN</td>\n      <td>0.0</td>\n      <td>NaN</td>\n      <td>0.0</td>\n      <td>NaN</td>\n      <td>2.0</td>\n      <td>1.0</td>\n      <td>5.0</td>\n      <td>NaN</td>\n      <td>NaN</td>\n      <td>NaN</td>\n      <td>1.0</td>\n      <td>1.0</td>\n      <td>NaN</td>\n      <td>3.0</td>\n      <td>NaN</td>\n      <td>3.0</td>\n    </tr>\n    <tr>\n      <th>199998</th>\n      <td>NaN</td>\n      <td>NaN</td>\n      <td>5.0</td>\n      <td>NaN</td>\n      <td>1.0</td>\n      <td>NaN</td>\n      <td>2.0</td>\n      <td>3.0</td>\n      <td>1.0</td>\n      <td>NaN</td>\n      <td>NaN</td>\n      <td>NaN</td>\n      <td>1.0</td>\n      <td>2.0</td>\n      <td>NaN</td>\n      <td>4.0</td>\n      <td>NaN</td>\n      <td>1.0</td>\n    </tr>\n    <tr>\n      <th>199999</th>\n      <td>NaN</td>\n      <td>NaN</td>\n      <td>4.0</td>\n      <td>NaN</td>\n      <td>0.0</td>\n      <td>NaN</td>\n      <td>2.0</td>\n      <td>1.0</td>\n      <td>4.0</td>\n      <td>NaN</td>\n      <td>NaN</td>\n      <td>NaN</td>\n      <td>0.0</td>\n      <td>2.0</td>\n      <td>NaN</td>\n      <td>4.0</td>\n      <td>NaN</td>\n      <td>4.0</td>\n    </tr>\n  </tbody>\n</table>\n<p>200000 rows × 18 columns</p>\n</div>"
     },
     "metadata": {},
     "execution_count": 7
    }
   ],
   "source": [
    "# Concateno los dos dataframe creados antes en uno sólo\n",
    "df = pd. concat([df_no_string,df_string],ignore_index=True)\n",
    "df = df[['0','1','2','3', '4', '5', '6', '7','8','9','10','11','12','13','14','15','16','17']]\n",
    "df"
   ]
  },
  {
   "cell_type": "code",
   "execution_count": 8,
   "metadata": {},
   "outputs": [],
   "source": [
    "# Convierto todos los nan en 0\n",
    "df = df.fillna(0)\n",
    "# Elimino la columna 0 porque sé que da problemas\n",
    "#df = df.iloc[:,1:]"
   ]
  },
  {
   "cell_type": "code",
   "execution_count": 9,
   "metadata": {},
   "outputs": [
    {
     "output_type": "execute_result",
     "data": {
      "text/plain": "           0         1         2         3         4         5         6  \\\n0   1.000000  0.629869 -0.388740  0.565461 -0.457157  0.701243 -0.717015   \n1   0.629869  1.000000 -0.417484  0.661047 -0.490960  0.723709 -0.770032   \n2  -0.388740 -0.417484  1.000000 -0.369320  0.482496 -0.445350  0.463398   \n3   0.565461  0.661047 -0.369320  1.000000 -0.434318  0.640352 -0.681195   \n4  -0.457157 -0.490960  0.482496 -0.434318  1.000000 -0.523730  0.557281   \n5   0.701243  0.723709 -0.445350  0.640352 -0.523730  1.000000 -0.821430   \n6  -0.717015 -0.770032  0.463398 -0.681195  0.557281 -0.821430  1.000000   \n7  -0.664184 -0.713295  0.536980 -0.631003  0.537228 -0.760906  0.791940   \n8  -0.628049 -0.674488  0.273885 -0.596674  0.237787 -0.719509  0.740689   \n9   0.704253  0.750546 -0.453507  0.651828 -0.533322  0.779735 -0.836475   \n10  0.599622  0.646926 -0.389304  0.569748 -0.457820  0.690808 -0.718055   \n11  0.588277  0.597996 -0.364283  0.524257 -0.428395  0.641307 -0.671905   \n12 -0.483676 -0.519439  0.368188 -0.459513  0.370788 -0.554111  0.552751   \n13 -0.608418 -0.653406  0.390114 -0.578024  0.458518 -0.697019  0.725112   \n14  0.614947  0.650960 -0.397936  0.593118 -0.467972  0.730305 -0.733977   \n15 -0.650976 -0.699110  0.425146 -0.618455  0.487250 -0.745774  0.784186   \n16  0.731386  0.802393 -0.478484  0.695762 -0.562696  0.827705 -0.882545   \n17 -0.514000 -0.552006  0.370616 -0.488322  0.398325 -0.588851  0.623005   \n\n           7         8         9        10        11        12        13  \\\n0  -0.664184 -0.628049  0.704253  0.599622  0.588277 -0.483676 -0.608418   \n1  -0.713295 -0.674488  0.750546  0.646926  0.597996 -0.519439 -0.653406   \n2   0.536980  0.273885 -0.453507 -0.389304 -0.364283  0.368188  0.390114   \n3  -0.631003 -0.596674  0.651828  0.569748  0.524257 -0.459513 -0.578024   \n4   0.537228  0.237787 -0.533322 -0.457820 -0.428395  0.370788  0.458518   \n5  -0.760906 -0.719509  0.779735  0.690808  0.641307 -0.554111 -0.697019   \n6   0.791940  0.740689 -0.836475 -0.718055 -0.671905  0.552751  0.725112   \n7   1.000000  0.648432 -0.774842 -0.665147 -0.622398  0.540151  0.673321   \n8   0.648432  1.000000 -0.732687 -0.628960 -0.588537  0.524427  0.640843   \n9  -0.774842 -0.732687  1.000000  0.703578  0.652223 -0.564260 -0.709785   \n10 -0.665147 -0.628960  0.703578  1.000000  0.566715 -0.484377 -0.609301   \n11 -0.622398 -0.588537  0.652223  0.566715  1.000000 -0.453246 -0.570141   \n12  0.540151  0.524427 -0.564260 -0.484377 -0.453246  1.000000  0.494047   \n13  0.673321  0.640843 -0.709785 -0.609301 -0.570141  0.494047  1.000000   \n14 -0.679896 -0.642907  0.741702  0.618912  0.571761 -0.495118 -0.622812   \n15  0.728532  0.680855 -0.759433 -0.651919 -0.610021  0.497255  0.648619   \n16 -0.817517 -0.773041  0.871876  0.740277  0.698399 -0.595337 -0.748878   \n17  0.640704  0.534893 -0.599636 -0.514745 -0.481663  0.427374  0.505656   \n\n          14        15        16        17  \n0   0.614947 -0.650976  0.731386 -0.514000  \n1   0.650960 -0.699110  0.802393 -0.552006  \n2  -0.397936  0.425146 -0.478484  0.370616  \n3   0.593118 -0.618455  0.695762 -0.488322  \n4  -0.467972  0.487250 -0.562696  0.398325  \n5   0.730305 -0.745774  0.827705 -0.588851  \n6  -0.733977  0.784186 -0.882545  0.623005  \n7  -0.679896  0.728532 -0.817517  0.640704  \n8  -0.642907  0.680855 -0.773041  0.534893  \n9   0.741702 -0.759433  0.871876 -0.599636  \n10  0.618912 -0.651919  0.740277 -0.514745  \n11  0.571761 -0.610021  0.698399 -0.481663  \n12 -0.495118  0.497255 -0.595337  0.427374  \n13 -0.622812  0.648619 -0.748878  0.505656  \n14  1.000000 -0.666376  0.729178 -0.526160  \n15 -0.666376  1.000000 -0.801260  0.593664  \n16  0.729178 -0.801260  1.000000 -0.632662  \n17 -0.526160  0.593664 -0.632662  1.000000  ",
      "text/html": "<div>\n<style scoped>\n    .dataframe tbody tr th:only-of-type {\n        vertical-align: middle;\n    }\n\n    .dataframe tbody tr th {\n        vertical-align: top;\n    }\n\n    .dataframe thead th {\n        text-align: right;\n    }\n</style>\n<table border=\"1\" class=\"dataframe\">\n  <thead>\n    <tr style=\"text-align: right;\">\n      <th></th>\n      <th>0</th>\n      <th>1</th>\n      <th>2</th>\n      <th>3</th>\n      <th>4</th>\n      <th>5</th>\n      <th>6</th>\n      <th>7</th>\n      <th>8</th>\n      <th>9</th>\n      <th>10</th>\n      <th>11</th>\n      <th>12</th>\n      <th>13</th>\n      <th>14</th>\n      <th>15</th>\n      <th>16</th>\n      <th>17</th>\n    </tr>\n  </thead>\n  <tbody>\n    <tr>\n      <th>0</th>\n      <td>1.000000</td>\n      <td>0.629869</td>\n      <td>-0.388740</td>\n      <td>0.565461</td>\n      <td>-0.457157</td>\n      <td>0.701243</td>\n      <td>-0.717015</td>\n      <td>-0.664184</td>\n      <td>-0.628049</td>\n      <td>0.704253</td>\n      <td>0.599622</td>\n      <td>0.588277</td>\n      <td>-0.483676</td>\n      <td>-0.608418</td>\n      <td>0.614947</td>\n      <td>-0.650976</td>\n      <td>0.731386</td>\n      <td>-0.514000</td>\n    </tr>\n    <tr>\n      <th>1</th>\n      <td>0.629869</td>\n      <td>1.000000</td>\n      <td>-0.417484</td>\n      <td>0.661047</td>\n      <td>-0.490960</td>\n      <td>0.723709</td>\n      <td>-0.770032</td>\n      <td>-0.713295</td>\n      <td>-0.674488</td>\n      <td>0.750546</td>\n      <td>0.646926</td>\n      <td>0.597996</td>\n      <td>-0.519439</td>\n      <td>-0.653406</td>\n      <td>0.650960</td>\n      <td>-0.699110</td>\n      <td>0.802393</td>\n      <td>-0.552006</td>\n    </tr>\n    <tr>\n      <th>2</th>\n      <td>-0.388740</td>\n      <td>-0.417484</td>\n      <td>1.000000</td>\n      <td>-0.369320</td>\n      <td>0.482496</td>\n      <td>-0.445350</td>\n      <td>0.463398</td>\n      <td>0.536980</td>\n      <td>0.273885</td>\n      <td>-0.453507</td>\n      <td>-0.389304</td>\n      <td>-0.364283</td>\n      <td>0.368188</td>\n      <td>0.390114</td>\n      <td>-0.397936</td>\n      <td>0.425146</td>\n      <td>-0.478484</td>\n      <td>0.370616</td>\n    </tr>\n    <tr>\n      <th>3</th>\n      <td>0.565461</td>\n      <td>0.661047</td>\n      <td>-0.369320</td>\n      <td>1.000000</td>\n      <td>-0.434318</td>\n      <td>0.640352</td>\n      <td>-0.681195</td>\n      <td>-0.631003</td>\n      <td>-0.596674</td>\n      <td>0.651828</td>\n      <td>0.569748</td>\n      <td>0.524257</td>\n      <td>-0.459513</td>\n      <td>-0.578024</td>\n      <td>0.593118</td>\n      <td>-0.618455</td>\n      <td>0.695762</td>\n      <td>-0.488322</td>\n    </tr>\n    <tr>\n      <th>4</th>\n      <td>-0.457157</td>\n      <td>-0.490960</td>\n      <td>0.482496</td>\n      <td>-0.434318</td>\n      <td>1.000000</td>\n      <td>-0.523730</td>\n      <td>0.557281</td>\n      <td>0.537228</td>\n      <td>0.237787</td>\n      <td>-0.533322</td>\n      <td>-0.457820</td>\n      <td>-0.428395</td>\n      <td>0.370788</td>\n      <td>0.458518</td>\n      <td>-0.467972</td>\n      <td>0.487250</td>\n      <td>-0.562696</td>\n      <td>0.398325</td>\n    </tr>\n    <tr>\n      <th>5</th>\n      <td>0.701243</td>\n      <td>0.723709</td>\n      <td>-0.445350</td>\n      <td>0.640352</td>\n      <td>-0.523730</td>\n      <td>1.000000</td>\n      <td>-0.821430</td>\n      <td>-0.760906</td>\n      <td>-0.719509</td>\n      <td>0.779735</td>\n      <td>0.690808</td>\n      <td>0.641307</td>\n      <td>-0.554111</td>\n      <td>-0.697019</td>\n      <td>0.730305</td>\n      <td>-0.745774</td>\n      <td>0.827705</td>\n      <td>-0.588851</td>\n    </tr>\n    <tr>\n      <th>6</th>\n      <td>-0.717015</td>\n      <td>-0.770032</td>\n      <td>0.463398</td>\n      <td>-0.681195</td>\n      <td>0.557281</td>\n      <td>-0.821430</td>\n      <td>1.000000</td>\n      <td>0.791940</td>\n      <td>0.740689</td>\n      <td>-0.836475</td>\n      <td>-0.718055</td>\n      <td>-0.671905</td>\n      <td>0.552751</td>\n      <td>0.725112</td>\n      <td>-0.733977</td>\n      <td>0.784186</td>\n      <td>-0.882545</td>\n      <td>0.623005</td>\n    </tr>\n    <tr>\n      <th>7</th>\n      <td>-0.664184</td>\n      <td>-0.713295</td>\n      <td>0.536980</td>\n      <td>-0.631003</td>\n      <td>0.537228</td>\n      <td>-0.760906</td>\n      <td>0.791940</td>\n      <td>1.000000</td>\n      <td>0.648432</td>\n      <td>-0.774842</td>\n      <td>-0.665147</td>\n      <td>-0.622398</td>\n      <td>0.540151</td>\n      <td>0.673321</td>\n      <td>-0.679896</td>\n      <td>0.728532</td>\n      <td>-0.817517</td>\n      <td>0.640704</td>\n    </tr>\n    <tr>\n      <th>8</th>\n      <td>-0.628049</td>\n      <td>-0.674488</td>\n      <td>0.273885</td>\n      <td>-0.596674</td>\n      <td>0.237787</td>\n      <td>-0.719509</td>\n      <td>0.740689</td>\n      <td>0.648432</td>\n      <td>1.000000</td>\n      <td>-0.732687</td>\n      <td>-0.628960</td>\n      <td>-0.588537</td>\n      <td>0.524427</td>\n      <td>0.640843</td>\n      <td>-0.642907</td>\n      <td>0.680855</td>\n      <td>-0.773041</td>\n      <td>0.534893</td>\n    </tr>\n    <tr>\n      <th>9</th>\n      <td>0.704253</td>\n      <td>0.750546</td>\n      <td>-0.453507</td>\n      <td>0.651828</td>\n      <td>-0.533322</td>\n      <td>0.779735</td>\n      <td>-0.836475</td>\n      <td>-0.774842</td>\n      <td>-0.732687</td>\n      <td>1.000000</td>\n      <td>0.703578</td>\n      <td>0.652223</td>\n      <td>-0.564260</td>\n      <td>-0.709785</td>\n      <td>0.741702</td>\n      <td>-0.759433</td>\n      <td>0.871876</td>\n      <td>-0.599636</td>\n    </tr>\n    <tr>\n      <th>10</th>\n      <td>0.599622</td>\n      <td>0.646926</td>\n      <td>-0.389304</td>\n      <td>0.569748</td>\n      <td>-0.457820</td>\n      <td>0.690808</td>\n      <td>-0.718055</td>\n      <td>-0.665147</td>\n      <td>-0.628960</td>\n      <td>0.703578</td>\n      <td>1.000000</td>\n      <td>0.566715</td>\n      <td>-0.484377</td>\n      <td>-0.609301</td>\n      <td>0.618912</td>\n      <td>-0.651919</td>\n      <td>0.740277</td>\n      <td>-0.514745</td>\n    </tr>\n    <tr>\n      <th>11</th>\n      <td>0.588277</td>\n      <td>0.597996</td>\n      <td>-0.364283</td>\n      <td>0.524257</td>\n      <td>-0.428395</td>\n      <td>0.641307</td>\n      <td>-0.671905</td>\n      <td>-0.622398</td>\n      <td>-0.588537</td>\n      <td>0.652223</td>\n      <td>0.566715</td>\n      <td>1.000000</td>\n      <td>-0.453246</td>\n      <td>-0.570141</td>\n      <td>0.571761</td>\n      <td>-0.610021</td>\n      <td>0.698399</td>\n      <td>-0.481663</td>\n    </tr>\n    <tr>\n      <th>12</th>\n      <td>-0.483676</td>\n      <td>-0.519439</td>\n      <td>0.368188</td>\n      <td>-0.459513</td>\n      <td>0.370788</td>\n      <td>-0.554111</td>\n      <td>0.552751</td>\n      <td>0.540151</td>\n      <td>0.524427</td>\n      <td>-0.564260</td>\n      <td>-0.484377</td>\n      <td>-0.453246</td>\n      <td>1.000000</td>\n      <td>0.494047</td>\n      <td>-0.495118</td>\n      <td>0.497255</td>\n      <td>-0.595337</td>\n      <td>0.427374</td>\n    </tr>\n    <tr>\n      <th>13</th>\n      <td>-0.608418</td>\n      <td>-0.653406</td>\n      <td>0.390114</td>\n      <td>-0.578024</td>\n      <td>0.458518</td>\n      <td>-0.697019</td>\n      <td>0.725112</td>\n      <td>0.673321</td>\n      <td>0.640843</td>\n      <td>-0.709785</td>\n      <td>-0.609301</td>\n      <td>-0.570141</td>\n      <td>0.494047</td>\n      <td>1.000000</td>\n      <td>-0.622812</td>\n      <td>0.648619</td>\n      <td>-0.748878</td>\n      <td>0.505656</td>\n    </tr>\n    <tr>\n      <th>14</th>\n      <td>0.614947</td>\n      <td>0.650960</td>\n      <td>-0.397936</td>\n      <td>0.593118</td>\n      <td>-0.467972</td>\n      <td>0.730305</td>\n      <td>-0.733977</td>\n      <td>-0.679896</td>\n      <td>-0.642907</td>\n      <td>0.741702</td>\n      <td>0.618912</td>\n      <td>0.571761</td>\n      <td>-0.495118</td>\n      <td>-0.622812</td>\n      <td>1.000000</td>\n      <td>-0.666376</td>\n      <td>0.729178</td>\n      <td>-0.526160</td>\n    </tr>\n    <tr>\n      <th>15</th>\n      <td>-0.650976</td>\n      <td>-0.699110</td>\n      <td>0.425146</td>\n      <td>-0.618455</td>\n      <td>0.487250</td>\n      <td>-0.745774</td>\n      <td>0.784186</td>\n      <td>0.728532</td>\n      <td>0.680855</td>\n      <td>-0.759433</td>\n      <td>-0.651919</td>\n      <td>-0.610021</td>\n      <td>0.497255</td>\n      <td>0.648619</td>\n      <td>-0.666376</td>\n      <td>1.000000</td>\n      <td>-0.801260</td>\n      <td>0.593664</td>\n    </tr>\n    <tr>\n      <th>16</th>\n      <td>0.731386</td>\n      <td>0.802393</td>\n      <td>-0.478484</td>\n      <td>0.695762</td>\n      <td>-0.562696</td>\n      <td>0.827705</td>\n      <td>-0.882545</td>\n      <td>-0.817517</td>\n      <td>-0.773041</td>\n      <td>0.871876</td>\n      <td>0.740277</td>\n      <td>0.698399</td>\n      <td>-0.595337</td>\n      <td>-0.748878</td>\n      <td>0.729178</td>\n      <td>-0.801260</td>\n      <td>1.000000</td>\n      <td>-0.632662</td>\n    </tr>\n    <tr>\n      <th>17</th>\n      <td>-0.514000</td>\n      <td>-0.552006</td>\n      <td>0.370616</td>\n      <td>-0.488322</td>\n      <td>0.398325</td>\n      <td>-0.588851</td>\n      <td>0.623005</td>\n      <td>0.640704</td>\n      <td>0.534893</td>\n      <td>-0.599636</td>\n      <td>-0.514745</td>\n      <td>-0.481663</td>\n      <td>0.427374</td>\n      <td>0.505656</td>\n      <td>-0.526160</td>\n      <td>0.593664</td>\n      <td>-0.632662</td>\n      <td>1.000000</td>\n    </tr>\n  </tbody>\n</table>\n</div>"
     },
     "metadata": {},
     "execution_count": 9
    }
   ],
   "source": [
    "# Calculamos la matriz de correlación\n",
    "df.corr()"
   ]
  },
  {
   "cell_type": "code",
   "execution_count": 10,
   "metadata": {},
   "outputs": [
    {
     "output_type": "execute_result",
     "data": {
      "text/plain": "<matplotlib.axes._subplots.AxesSubplot at 0x7fde3b958a50>"
     },
     "metadata": {},
     "execution_count": 10
    },
    {
     "output_type": "display_data",
     "data": {
      "text/plain": "<Figure size 1152x1152 with 2 Axes>",
